RUNNING THE L-BFGS-B CODE

it    = iteration number
nf    = number of function evaluations
nseg  = number of segments explored during the Cauchy search
nact  = number of active bounds at the generalized Cauchy point
sub   = manner in which the subspace minimization terminated:
        con = converged, bnd = a bound was reached
itls  = number of iterations performed in the line search
stepl = step length used
tstep = norm of the displacement (total step)
projg = norm of the projected gradient
f     = function value

           * * *

Machine precision = 2.220D-16
 N =          329     M =           10

   it   nf  nseg  nact  sub  itls  stepl    tstep     projg        f
    0    1     -     -   -     -     -        -     1.636D+00 -6.328D+00
    1    3     1     0  ---    1  1.5D-01  3.7D-01  6.299D-01 -6.818D+00
    2    4     0     0  con    0  1.0D+00  1.3D-01  5.563D-01 -6.918D+00
    3    5     0     0  con    0  1.0D+00  1.7D+00  2.118D+00 -7.044D+00
    4    6     0     0  con    0  1.0D+00  6.8D-01  1.984D-01 -7.796D+00
    5    7     0     0  con    0  1.0D+00  6.0D-01  1.966D-01 -7.887D+00
    6    8     0     0  con    0  1.0D+00  1.0D+00  2.381D-01 -7.992D+00
    7   10     0     0  con    1  3.9D-01  1.1D+00  1.848D-01 -8.143D+00
    8   11     0     0  con    0  1.0D+00  1.5D+00  4.735D-02 -8.246D+00
    9   12     0     0  con    0  1.0D+00  2.1D+00  8.407D-02 -8.318D+00
   10   13     0     0  con    0  1.0D+00  2.1D+00  4.344D-02 -8.374D+00
   11   14     0     0  con    0  1.0D+00  1.7D+00  4.783D-02 -8.399D+00
   12   16     0     0  con    1  1.6D-01  5.6D-01  2.553D-01 -8.407D+00
   13   17     0     0  con    0  1.0D+00  1.4D+00  1.953D-01 -8.430D+00
   14   18     0     0  con    0  1.0D+00  2.5D+00  3.892D-02 -8.480D+00
   15   19     0     0  con    0  1.0D+00  8.1D-01  1.492D-01 -8.510D+00
   16   20     0     0  con    0  1.0D+00  2.4D+00  1.561D-01 -8.570D+00
   17   21     0     0  con    0  1.0D+00  1.4D+00  3.307D-01 -8.595D+00
   18   22     0     0  con    0  1.0D+00  4.0D-01  9.312D-02 -8.622D+00
   19   23     0     0  con    0  1.0D+00  5.6D-01  1.073D-01 -8.646D+00
   20   24     0     0  con    0  1.0D+00  8.1D-01  1.602D-01 -8.663D+00
   21   25     0     0  con    0  1.0D+00  5.6D-01  1.045D-01 -8.678D+00
   22   26     0     0  con    0  1.0D+00  7.3D-01  2.587D-02 -8.689D+00
   23   27     0     0  con    0  1.0D+00  2.4D-01  1.196D-01 -8.696D+00
   24   28     0     0  con    0  1.0D+00  3.7D-01  1.920D-01 -8.706D+00
   25   29     0     0  con    0  1.0D+00  9.2D-01  2.594D-01 -8.722D+00
   26   30     0     0  con    0  1.0D+00  7.7D-01  1.572D-01 -8.735D+00
   27   31     0     0  con    0  1.0D+00  3.4D-01  7.169D-02 -8.745D+00
   28   32     0     0  con    0  1.0D+00  1.8D-01  2.399D-02 -8.748D+00
   29   33     0     0  con    0  1.0D+00  6.7D-02  2.977D-02 -8.749D+00
   30   34     0     0  con    0  1.0D+00  6.7D-01  1.405D-01 -8.754D+00
   31   35     0     0  con    0  1.0D+00  3.2D-01  4.131D-02 -8.758D+00
   32   36     0     0  con    0  1.0D+00  2.3D-01  3.942D-02 -8.762D+00
   33   37     0     0  con    0  1.0D+00  7.1D-01  4.991D-02 -8.771D+00
   34   38     0     0  con    0  1.0D+00  6.3D-01  6.754D-02 -8.778D+00
   35   39     0     0  con    0  1.0D+00  1.1D+00  9.666D-02 -8.791D+00
   36   41     0     0  con    1  3.1D-01  5.5D-01  1.094D-01 -8.798D+00
   37   42     0     0  con    0  1.0D+00  1.2D+00  5.289D-02 -8.809D+00
   38   43     0     0  con    0  1.0D+00  8.6D-01  2.838D-02 -8.816D+00
   39   44     0     0  con    0  1.0D+00  2.5D-01  3.946D-02 -8.820D+00
   40   45     0     0  con    0  1.0D+00  2.6D-01  2.792D-02 -8.822D+00
   41   46     0     0  con    0  1.0D+00  4.0D-01  3.862D-02 -8.824D+00
   42   48     0     0  con    1  1.2D-01  1.6D-01  7.771D-02 -8.825D+00
   43   49     0     0  con    0  1.0D+00  4.2D-01  6.554D-02 -8.828D+00
   44   50     0     0  con    0  1.0D+00  7.1D-01  9.028D-02 -8.835D+00
   45   51     0     0  con    0  1.0D+00  1.7D-01  1.817D-02 -8.838D+00
   46   52     0     0  con    0  1.0D+00  2.3D-01  4.183D-02 -8.839D+00
   47   53     0     0  con    0  1.0D+00  1.2D-01  5.251D-02 -8.841D+00
   48   54     0     0  con    0  1.0D+00  3.1D-01  2.275D-02 -8.843D+00
   49   55     0     0  con    0  1.0D+00  2.9D-01  4.220D-02 -8.845D+00
   50   56     0     0  con    0  1.0D+00  1.5D-01  1.437D-02 -8.845D+00
   51   57     0     0  con    0  1.0D+00  1.6D-01  1.939D-02 -8.846D+00
   52   58     0     0  con    0  1.0D+00  1.6D-01  3.322D-02 -8.847D+00
   53   59     0     0  con    0  1.0D+00  4.1D-01  5.272D-02 -8.848D+00
   54   60     0     0  con    0  1.0D+00  6.8D-01  5.468D-02 -8.851D+00
   55   62     0     0  con    1  2.0D-01  3.3D-01  7.639D-02 -8.852D+00
   56   63     0     0  con    0  1.0D+00  5.9D-01  4.013D-02 -8.855D+00
   57   64     0     0  con    0  1.0D+00  2.2D-01  1.081D-02 -8.857D+00
   58   65     0     0  con    0  1.0D+00  1.6D-01  1.932D-02 -8.858D+00
   59   66     0     0  con    0  1.0D+00  1.6D-01  5.418D-02 -8.859D+00
   60   67     0     0  con    0  1.0D+00  2.2D-01  4.468D-02 -8.860D+00
   61   68     0     0  con    0  1.0D+00  3.2D-01  1.201D-01 -8.862D+00
   62   69     0     0  con    0  1.0D+00  3.7D-01  7.564D-02 -8.866D+00
   63   70     0     0  con    0  1.0D+00  8.7D-01  3.897D-02 -8.872D+00
   64   71     0     0  con    0  1.0D+00  3.7D-01  5.679D-02 -8.875D+00
   65   72     0     0  con    0  1.0D+00  6.7D-01  5.395D-02 -8.881D+00
   66   73     0     0  con    0  1.0D+00  1.1D+00  1.583D-01 -8.883D+00
   67   74     0     0  con    0  1.0D+00  5.9D-01  2.027D-02 -8.890D+00
   68   75     0     0  con    0  1.0D+00  3.3D-01  3.406D-02 -8.891D+00
   69   76     0     0  con    0  1.0D+00  5.2D-01  6.480D-02 -8.894D+00
   70   78     0     0  con    1  2.8D-01  4.3D-01  2.433D-02 -8.896D+00
   71   79     0     0  con    0  1.0D+00  9.7D-02  1.507D-02 -8.897D+00
   72   81     0     0  con    1  4.1D-01  1.4D-01  7.640D-02 -8.898D+00
   73   82     0     0  con    0  1.0D+00  1.6D-01  5.902D-02 -8.899D+00
   74   83     0     0  con    0  1.0D+00  4.8D-01  3.522D-02 -8.903D+00
   75   84     0     0  con    0  1.0D+00  4.2D-01  1.533D-02 -8.907D+00
   76   85     0     0  con    0  1.0D+00  2.3D-01  1.753D-02 -8.908D+00
   77   86     0     0  con    0  1.0D+00  2.7D-01  5.623D-02 -8.910D+00
   78   87     0     0  con    0  1.0D+00  1.7D-01  1.718D-02 -8.911D+00
   79   88     0     0  con    0  1.0D+00  2.2D-01  1.306D-02 -8.913D+00
   80   89     0     0  con    0  1.0D+00  1.9D-01  2.089D-02 -8.914D+00
   81   90     0     0  con    0  1.0D+00  5.1D-01  1.083D-02 -8.916D+00
   82   92     0     0  con    1  4.4D-01  4.9D-01  3.266D-02 -8.917D+00
   83   93     0     0  con    0  1.0D+00  2.2D-01  9.472D-02 -8.917D+00
   84   94     0     0  con    0  1.0D+00  1.1D-01  1.910D-02 -8.919D+00
   85   95     0     0  con    0  1.0D+00  9.8D-02  1.441D-02 -8.920D+00
   86   96     0     0  con    0  1.0D+00  1.3D-01  2.281D-02 -8.920D+00
   87   97     0     0  con    0  1.0D+00  1.7D-01  3.774D-02 -8.921D+00
   88   98     0     0  con    0  1.0D+00  5.0D-01  6.699D-02 -8.923D+00
   89   99     0     0  con    0  1.0D+00  3.1D-01  5.769D-02 -8.924D+00
   90  100     0     0  con    0  1.0D+00  1.2D-01  1.966D-02 -8.925D+00
   91  101     0     0  con    0  1.0D+00  1.7D-01  9.593D-03 -8.925D+00
   92  102     0     0  con    0  1.0D+00  1.4D-01  1.138D-02 -8.926D+00
   93  103     0     0  con    0  1.0D+00  1.9D-01  1.674D-02 -8.926D+00
   94  104     0     0  con    0  1.0D+00  3.1D-01  1.839D-02 -8.928D+00
   95  106     0     0  con    1  2.3D-01  1.7D-01  5.706D-02 -8.928D+00
   96  107     0     0  con    0  1.0D+00  2.1D-01  2.692D-02 -8.930D+00
   97  108     0     0  con    0  1.0D+00  2.3D-01  2.063D-02 -8.931D+00
   98  109     0     0  con    0  1.0D+00  2.4D-01  2.383D-02 -8.932D+00
   99  111     0     0  con    1  4.8D-01  2.4D-01  2.507D-02 -8.933D+00
  100  112     0     0  con    0  1.0D+00  3.7D-01  1.974D-02 -8.934D+00
  101  113     0     0  con    0  1.0D+00  2.0D-01  1.390D-02 -8.934D+00
  102  114     0     0  con    0  1.0D+00  1.2D-01  6.335D-03 -8.935D+00
  103  115     0     0  con    0  1.0D+00  2.0D-01  6.202D-03 -8.935D+00
  104  116     0     0  con    0  1.0D+00  2.9D-01  8.949D-03 -8.936D+00
  105  117     0     0  con    0  1.0D+00  6.8D-01  3.452D-02 -8.938D+00
  106  118     0     0  con    0  1.0D+00  5.4D-01  7.378D-02 -8.938D+00
  107  119     0     0  con    0  1.0D+00  2.0D-01  2.407D-02 -8.940D+00
  108  120     0     0  con    0  1.0D+00  1.4D-01  2.128D-02 -8.940D+00
  109  121     0     0  con    0  1.0D+00  2.3D-01  1.567D-02 -8.941D+00
  110  123     0     0  con    1  4.5D-01  1.1D-01  1.905D-02 -8.942D+00
  111  124     0     0  con    0  1.0D+00  3.1D-01  1.465D-02 -8.942D+00
  112  125     0     0  con    0  1.0D+00  5.6D-02  1.011D-02 -8.943D+00
  113  126     0     0  con    0  1.0D+00  2.8D-01  1.075D-02 -8.944D+00
  114  127     0     0  con    0  1.0D+00  4.9D-01  1.110D-02 -8.946D+00
  115  128     0     0  con    0  1.0D+00  9.2D-01  2.114D-02 -8.947D+00
  116  129     0     0  con    0  1.0D+00  3.5D-01  2.776D-02 -8.947D+00
  117  130     0     0  con    0  1.0D+00  4.6D-02  8.839D-03 -8.948D+00
  118  131     0     0  con    0  1.0D+00  1.2D-01  7.253D-03 -8.948D+00
  119  132     0     0  con    0  1.0D+00  1.7D-01  2.414D-02 -8.949D+00
  120  133     0     0  con    0  1.0D+00  3.7D-01  1.559D-02 -8.949D+00
  121  134     0     0  con    0  1.0D+00  6.5D-02  5.526D-03 -8.949D+00
  122  135     0     0  con    0  1.0D+00  1.5D-01  1.372D-02 -8.950D+00
  123  136     0     0  con    0  1.0D+00  3.0D-01  6.886D-02 -8.951D+00
  124  137     0     0  con    0  1.0D+00  1.6D-01  3.215D-02 -8.951D+00
  125  138     0     0  con    0  1.0D+00  2.4D-01  1.280D-02 -8.952D+00
  126  139     0     0  con    0  1.0D+00  2.5D-01  2.993D-02 -8.953D+00
  127  140     0     0  con    0  1.0D+00  2.7D-01  3.474D-02 -8.954D+00
  128  141     0     0  con    0  1.0D+00  6.1D-01  3.863D-02 -8.955D+00
  129  143     0     0  con    1  1.5D-01  1.7D-01  4.943D-02 -8.956D+00
  130  144     0     0  con    0  1.0D+00  6.2D-01  3.055D-02 -8.957D+00
  131  145     0     0  con    0  1.0D+00  3.1D-01  1.848D-02 -8.958D+00
  132  146     0     0  con    0  1.0D+00  4.3D-01  5.231D-02 -8.959D+00
  133  147     0     0  con    0  1.0D+00  3.7D-01  4.912D-02 -8.961D+00
  134  148     0     0  con    0  1.0D+00  5.2D-01  2.051D-02 -8.961D+00
  135  149     0     0  con    0  1.0D+00  1.9D-01  3.456D-02 -8.963D+00
  136  150     0     0  con    0  1.0D+00  1.9D-01  1.530D-02 -8.964D+00
  137  151     0     0  con    0  1.0D+00  2.0D-01  1.748D-02 -8.966D+00
  138  152     0     0  con    0  1.0D+00  1.2D+00  2.212D-02 -8.969D+00
  139  153     0     0  con    0  1.0D+00  6.3D-01  3.377D-02 -8.972D+00
  140  155     0     0  con    1  3.5D-01  1.9D-01  2.565D-02 -8.973D+00
  141  156     0     0  con    0  1.0D+00  2.7D-01  1.239D-02 -8.974D+00
  142  157     0     0  con    0  1.0D+00  3.1D-01  1.762D-02 -8.974D+00
  143  158     0     0  con    0  1.0D+00  7.1D-01  1.593D-02 -8.976D+00
  144  159     0     0  con    0  1.0D+00  3.3D-01  1.945D-02 -8.977D+00
  145  160     0     0  con    0  1.0D+00  2.6D-01  1.352D-02 -8.978D+00
  146  161     0     0  con    0  1.0D+00  3.5D-01  1.536D-02 -8.979D+00
  147  162     0     0  con    0  1.0D+00  1.9D-01  4.069D-02 -8.979D+00
  148  163     0     0  con    0  1.0D+00  3.6D-02  2.143D-02 -8.980D+00
  149  164     0     0  con    0  1.0D+00  1.2D-01  1.598D-02 -8.980D+00
  150  165     0     0  con    0  1.0D+00  1.5D-01  2.839D-02 -8.981D+00
  151  166     0     0  con    0  1.0D+00  5.0D-01  5.139D-02 -8.982D+00
  152  167     0     0  con    0  1.0D+00  7.8D-01  8.419D-02 -8.984D+00
  153  168     0     0  con    0  1.0D+00  5.5D-01  5.006D-02 -8.986D+00
  154  169     0     0  con    0  1.0D+00  9.8D-02  2.546D-02 -8.987D+00
  155  170     0     0  con    0  1.0D+00  1.0D-01  1.203D-02 -8.988D+00
  156  171     0     0  con    0  1.0D+00  7.8D-02  1.886D-02 -8.988D+00
  157  172     0     0  con    0  1.0D+00  3.6D-01  2.382D-02 -8.989D+00
  158  173     0     0  con    0  1.0D+00  4.2D-01  1.307D-02 -8.991D+00
  159  174     0     0  con    0  1.0D+00  7.9D-01  3.714D-02 -8.992D+00
  160  175     0     0  con    0  1.0D+00  1.4D-01  3.897D-02 -8.992D+00
  161  176     0     0  con    0  1.0D+00  1.4D-01  2.463D-02 -8.993D+00
  162  177     0     0  con    0  1.0D+00  9.1D-02  6.585D-03 -8.994D+00
  163  178     0     0  con    0  1.0D+00  2.8D-01  1.906D-02 -8.994D+00
  164  179     0     0  con    0  1.0D+00  4.1D-01  3.162D-02 -8.995D+00
  165  181     0     0  con    1  5.0D-01  5.2D-01  5.789D-02 -8.995D+00
  166  182     0     0  con    0  1.0D+00  5.7D-01  2.811D-02 -8.996D+00
  167  183     0     0  con    0  1.0D+00  4.0D-01  1.104D-02 -8.997D+00
  168  184     0     0  con    0  1.0D+00  3.3D-01  1.792D-02 -8.998D+00
  169  185     0     0  con    0  1.0D+00  5.1D-01  1.952D-02 -8.999D+00
  170  186     0     0  con    0  1.0D+00  1.4D+00  3.150D-02 -9.001D+00
  171  188     0     0  con    1  5.0D-01  6.5D-01  1.362D-02 -9.002D+00
  172  190     0     0  con    1  3.7D-01  1.4D-01  2.674D-02 -9.003D+00
  173  191     0     0  con    0  1.0D+00  6.3D-02  8.864D-03 -9.003D+00
  174  192     0     0  con    0  1.0D+00  2.6D-02  9.171D-03 -9.003D+00
  175  193     0     0  con    0  1.0D+00  2.0D-01  1.191D-02 -9.004D+00
  176  194     0     0  con    0  1.0D+00  4.1D-01  1.844D-02 -9.005D+00
  177  196     0     0  con    1  2.9D-01  4.0D-01  4.552D-02 -9.005D+00
  178  197     0     0  con    0  1.0D+00  6.3D-01  1.967D-02 -9.007D+00
  179  198     0     0  con    0  1.0D+00  7.1D-01  2.281D-02 -9.008D+00
  180  199     0     0  con    0  1.0D+00  8.4D-01  2.481D-02 -9.010D+00
  181  200     0     0  con    0  1.0D+00  1.6D+00  2.992D-02 -9.012D+00
  182  202     0     0  con    1  2.4D-01  4.0D-01  4.277D-02 -9.013D+00
  183  203     0     0  con    0  1.0D+00  7.6D-01  1.291D-02 -9.014D+00
  184  204     0     0  con    0  1.0D+00  9.0D-02  8.138D-03 -9.014D+00
  185  206     0     0  con    1  3.4D-01  1.0D-01  2.922D-02 -9.015D+00
  186  207     0     0  con    0  1.0D+00  6.3D-02  1.701D-02 -9.015D+00
  187  208     0     0  con    0  1.0D+00  1.3D-01  9.913D-03 -9.016D+00
  188  209     0     0  con    0  1.0D+00  9.8D-02  1.446D-02 -9.016D+00
  189  210     0     0  con    0  1.0D+00  1.5D-01  1.984D-02 -9.016D+00
  190  211     0     0  con    0  1.0D+00  4.7D-02  6.997D-03 -9.016D+00
  191  212     0     0  con    0  1.0D+00  7.9D-02  8.907D-03 -9.016D+00
  192  213     0     0  con    0  1.0D+00  1.0D-01  1.222D-02 -9.017D+00
  193  214     0     0  con    0  1.0D+00  1.1D-01  1.024D-02 -9.017D+00
  194  215     0     0  con    0  1.0D+00  1.1D-01  1.246D-02 -9.017D+00
  195  217     0     0  con    1  2.7D-01  9.7D-02  9.480D-03 -9.017D+00
  196  218     0     0  con    0  1.0D+00  1.0D-01  7.560D-03 -9.018D+00
  197  219     0     0  con    0  1.0D+00  1.2D-01  1.839D-02 -9.018D+00
  198  220     0     0  con    0  1.0D+00  6.4D-02  1.275D-02 -9.018D+00
  199  221     0     0  con    0  1.0D+00  1.6D-01  9.516D-03 -9.019D+00
  200  222     0     0  con    0  1.0D+00  1.4D-01  6.611D-03 -9.019D+00
  201  224     0     0  con    1  3.7D-01  1.7D-01  3.253D-02 -9.019D+00
  202  225     0     0  con    0  1.0D+00  1.9D-01  9.855D-03 -9.020D+00
  203  226     0     0  con    0  1.0D+00  1.3D-01  4.866D-03 -9.020D+00
  204  227     0     0  con    0  1.0D+00  5.2D-01  1.565D-02 -9.020D+00
  205  228     0     0  con    0  1.0D+00  6.2D-01  2.127D-02 -9.021D+00
  206  229     0     0  con    0  1.0D+00  1.4D+00  2.380D-02 -9.022D+00
  207  231     0     0  con    1  1.3D-01  4.6D-01  2.993D-02 -9.022D+00
  208  232     0     0  con    0  1.0D+00  1.2D+00  8.848D-03 -9.023D+00
  209  233     0     0  con    0  1.0D+00  3.1D-01  5.660D-03 -9.023D+00
  210  234     0     0  con    0  1.0D+00  1.8D-01  9.816D-03 -9.023D+00
  211  235     0     0  con    0  1.0D+00  1.1D-01  4.852D-03 -9.023D+00
  212  236     0     0  con    0  1.0D+00  1.4D-02  2.842D-03 -9.023D+00
  213  237     0     0  con    0  1.0D+00  9.7D-02  1.277D-02 -9.023D+00
  214  238     0     0  con    0  1.0D+00  9.1D-02  3.208D-03 -9.023D+00
  215  239     0     0  con    0  1.0D+00  1.1D-01  4.002D-03 -9.023D+00
  216  240     0     0  con    0  1.0D+00  1.5D-01  6.559D-03 -9.023D+00
  217  241     0     0  con    0  1.0D+00  2.8D-01  1.094D-02 -9.024D+00
  218  242     0     0  con    0  1.0D+00  4.3D-01  2.208D-02 -9.024D+00
  219  244     0     0  con    1  4.8D-01  1.2D-01  1.496D-02 -9.024D+00
  220  245     0     0  con    0  1.0D+00  9.9D-02  4.294D-03 -9.024D+00
  221  246     0     0  con    0  1.0D+00  7.9D-02  2.698D-03 -9.024D+00
  222  247     0     0  con    0  1.0D+00  4.8D-02  6.950D-03 -9.024D+00
  223  248     0     0  con    0  1.0D+00  2.0D-01  1.307D-02 -9.024D+00
  224  249     0     0  con    0  1.0D+00  2.7D-01  1.915D-02 -9.024D+00
  225  250     0     0  con    0  1.0D+00  7.7D-01  8.298D-03 -9.025D+00
  226  252     0     0  con    1  2.6D-01  2.3D-01  3.230D-02 -9.025D+00
  227  253     0     0  con    0  1.0D+00  2.0D-01  1.696D-02 -9.025D+00
  228  254     0     0  con    0  1.0D+00  8.1D-02  4.368D-03 -9.025D+00
  229  255     0     0  con    0  1.0D+00  1.8D-02  5.183D-03 -9.025D+00
  230  256     0     0  con    0  1.0D+00  6.4D-02  6.048D-03 -9.026D+00
  231  258     0     0  con    1  4.0D-01  6.3D-02  1.736D-02 -9.026D+00
  232  259     0     0  con    0  1.0D+00  7.8D-02  8.613D-03 -9.026D+00
  233  260     0     0  con    0  1.0D+00  1.0D-01  8.325D-03 -9.026D+00
  234  261     0     0  con    0  1.0D+00  3.4D-01  1.017D-02 -9.026D+00
  235  262     0     0  con    0  1.0D+00  6.8D-01  1.444D-02 -9.027D+00
  236  264     0     0  con    1  3.7D-01  1.8D-01  1.680D-02 -9.027D+00
  237  265     0     0  con    0  1.0D+00  5.7D-01  1.520D-02 -9.027D+00
  238  266     0     0  con    0  1.0D+00  6.7D-02  5.800D-03 -9.027D+00
  239  267     0     0  con    0  1.0D+00  3.0D-02  5.796D-03 -9.027D+00
  240  268     0     0  con    0  1.0D+00  1.7D-01  1.172D-02 -9.028D+00
  241  269     0     0  con    0  1.0D+00  4.7D-01  2.098D-02 -9.028D+00
  242  270     0     0  con    0  1.0D+00  9.0D-01  2.536D-02 -9.029D+00
  243  272     0     0  con    1  1.3D-01  1.7D-01  3.031D-02 -9.029D+00
  244  273     0     0  con    0  1.0D+00  4.9D-01  1.028D-02 -9.029D+00
  245  274     0     0  con    0  1.0D+00  9.3D-02  4.475D-03 -9.029D+00
  246  275     0     0  con    0  1.0D+00  2.2D-02  7.106D-03 -9.029D+00
  247  276     0     0  con    0  1.0D+00  7.6D-02  1.088D-02 -9.029D+00
  248  277     0     0  con    0  1.0D+00  2.4D-01  1.291D-02 -9.029D+00
  249  278     0     0  con    0  1.0D+00  4.0D-01  3.427D-02 -9.030D+00
  250  279     0     0  con    0  1.0D+00  7.5D-01  1.163D-02 -9.030D+00
  251  280     0     0  con    0  1.0D+00  5.7D-02  5.335D-03 -9.030D+00
  252  281     0     0  con    0  1.0D+00  1.6D-01  1.504D-02 -9.031D+00
  253  282     0     0  con    0  1.0D+00  1.6D-01  1.599D-02 -9.031D+00
  254  284     0     0  con    1  4.0D-01  1.0D-01  2.315D-02 -9.031D+00
  255  286     0     0  con    1  3.1D-01  5.4D-02  8.754D-03 -9.031D+00
  256  287     0     0  con    0  1.0D+00  9.7D-02  5.942D-03 -9.031D+00
  257  288     0     0  con    0  1.0D+00  1.6D-01  3.535D-03 -9.031D+00
  258  289     0     0  con    0  1.0D+00  3.0D-02  1.207D-03 -9.031D+00
  259  290     0     0  con    0  1.0D+00  1.0D-02  1.316D-03 -9.031D+00
  260  291     0     0  con    0  1.0D+00  2.2D-02  3.452D-03 -9.031D+00
  261  292     0     0  con    0  1.0D+00  8.8D-02  8.460D-03 -9.031D+00
  262  293     0     0  con    0  1.0D+00  1.8D-01  7.633D-03 -9.032D+00
  263  294     0     0  con    0  1.0D+00  7.4D-01  3.336D-02 -9.032D+00
  264  295     0     0  con    0  1.0D+00  2.9D-02  1.239D-02 -9.032D+00
  265  296     0     0  con    0  1.0D+00  2.7D-01  7.329D-03 -9.032D+00
  266  297     0     0  con    0  1.0D+00  1.4D-01  6.802D-03 -9.032D+00
  267  299     0     0  con    1  5.0D-01  1.5D-01  8.101D-03 -9.032D+00
  268  300     0     0  con    0  1.0D+00  6.7D-02  2.230D-03 -9.032D+00
  269  301     0     0  con    0  1.0D+00  4.9D-02  7.889D-04 -9.032D+00
  270  302     0     0  con    0  1.0D+00  2.6D-02  6.812D-04 -9.032D+00
  271  303     0     0  con    0  1.0D+00  1.9D-02  1.503D-03 -9.032D+00
  272  304     0     0  con    0  1.0D+00  2.0D-02  2.839D-03 -9.032D+00
  273  305     0     0  con    0  1.0D+00  2.5D-02  3.834D-03 -9.032D+00
  274  306     0     0  con    0  1.0D+00  4.9D-02  4.043D-03 -9.032D+00
  275  308     0     0  con    1  1.4D-01  1.6D-02  9.746D-03 -9.032D+00
  276  309     0     0  con    0  1.0D+00  8.1D-02  4.729D-03 -9.032D+00
  277  310     0     0  con    0  1.0D+00  6.2D-02  2.587D-03 -9.032D+00
  278  311     0     0  con    0  1.0D+00  4.7D-02  2.044D-03 -9.032D+00
  279  312     0     0  con    0  1.0D+00  5.5D-02  8.467D-03 -9.032D+00
  280  313     0     0  con    0  1.0D+00  6.0D-02  3.293D-03 -9.032D+00
  281  314     0     0  con    0  1.0D+00  5.1D-02  2.429D-03 -9.032D+00
  282  315     0     0  con    0  1.0D+00  5.8D-02  1.216D-03 -9.032D+00
  283  316     0     0  con    0  1.0D+00  2.7D-02  1.275D-03 -9.032D+00
  284  317     0     0  con    0  1.0D+00  6.7D-02  1.743D-03 -9.032D+00
  285  318     0     0  con    0  1.0D+00  6.1D-02  2.241D-03 -9.032D+00
  286  319     0     0  con    0  1.0D+00  1.5D-01  1.367D-02 -9.032D+00
  287  320     0     0  con    0  1.0D+00  2.4D-02  7.709D-03 -9.033D+00
  288  321     0     0  con    0  1.0D+00  4.2D-02  2.265D-03 -9.033D+00
  289  322     0     0  con    0  1.0D+00  2.8D-02  1.507D-03 -9.033D+00
  290  323     0     0  con    0  1.0D+00  2.3D-02  1.008D-03 -9.033D+00
  291  325     0     0  con    1  3.1D-01  5.8D-03  2.990D-03 -9.033D+00
  292  326     0     0  con    0  1.0D+00  1.5D-02  1.196D-03 -9.033D+00
  293  327     0     0  con    0  1.0D+00  1.4D-02  1.107D-03 -9.033D+00
  294  328     0     0  con    0  1.0D+00  3.6D-02  1.753D-03 -9.033D+00
  295  329     0     0  con    0  1.0D+00  6.1D-02  2.492D-03 -9.033D+00
  296  330     0     0  con    0  1.0D+00  1.2D-01  3.707D-03 -9.033D+00
  297  331     0     0  con    0  1.0D+00  1.8D-01  5.725D-03 -9.033D+00
  298  332     0     0  con    0  1.0D+00  5.1D-02  1.342D-02 -9.033D+00
  299  333     0     0  con    0  1.0D+00  6.6D-02  2.912D-03 -9.033D+00
  300  334     0     0  con    0  1.0D+00  4.4D-02  1.910D-03 -9.033D+00
  301  335     0     0  con    0  1.0D+00  3.3D-02  2.314D-03 -9.033D+00
  302  336     0     0  con    0  1.0D+00  5.3D-02  3.701D-03 -9.033D+00
  303  337     0     0  con    0  1.0D+00  1.0D-01  3.713D-03 -9.033D+00
  304  338     0     0  con    0  1.0D+00  5.6D-02  1.102D-02 -9.033D+00
  305  339     0     0  con    0  1.0D+00  2.9D-02  2.750D-03 -9.033D+00
  306  340     0     0  con    0  1.0D+00  8.8D-03  1.489D-03 -9.033D+00
  307  341     0     0  con    0  1.0D+00  1.7D-02  3.308D-03 -9.033D+00
  308  342     0     0  con    0  1.0D+00  3.3D-02  3.863D-03 -9.033D+00
  309  343     0     0  con    0  1.0D+00  8.6D-02  4.769D-03 -9.033D+00
  310  344     0     0  con    0  1.0D+00  1.0D-01  9.535D-03 -9.033D+00
  311  345     0     0  con    0  1.0D+00  3.3D-02  2.055D-03 -9.033D+00
  312  346     0     0  con    0  1.0D+00  9.2D-03  1.546D-03 -9.033D+00
  313  347     0     0  con    0  1.0D+00  7.9D-03  2.141D-03 -9.033D+00
  314  348     0     0  con    0  1.0D+00  2.9D-02  2.769D-03 -9.033D+00
  315  349     0     0  con    0  1.0D+00  2.3D-02  2.956D-03 -9.033D+00
  316  350     0     0  con    0  1.0D+00  3.6D-02  1.107D-03 -9.033D+00
  317  351     0     0  con    0  1.0D+00  3.5D-02  1.696D-03 -9.033D+00
  318  352     0     0  con    0  1.0D+00  5.6D-02  7.508D-03 -9.033D+00
  319  353     0     0  con    0  1.0D+00  1.8D-02  3.459D-03 -9.033D+00
  320  354     0     0  con    0  1.0D+00  3.5D-02  1.476D-03 -9.033D+00
  321  355     0     0  con    0  1.0D+00  1.1D-02  1.039D-03 -9.033D+00
  322  356     0     0  con    0  1.0D+00  1.8D-02  7.750D-04 -9.033D+00
  323  357     0     0  con    0  1.0D+00  2.9D-02  3.190D-03 -9.033D+00
  324  358     0     0  con    0  1.0D+00  3.7D-02  1.106D-03 -9.033D+00
  325  359     0     0  con    0  1.0D+00  3.0D-02  1.190D-03 -9.033D+00
  326  360     0     0  con    0  1.0D+00  3.7D-02  1.328D-03 -9.033D+00
  327  361     0     0  con    0  1.0D+00  4.7D-02  1.661D-03 -9.033D+00
  328  362     0     0  con    0  1.0D+00  6.8D-02  6.452D-03 -9.033D+00
  329  363     0     0  con    0  1.0D+00  2.1D-02  3.938D-03 -9.033D+00
  330  364     0     0  con    0  1.0D+00  4.7D-02  1.715D-03 -9.033D+00
  331  365     0     0  con    0  1.0D+00  2.9D-02  3.534D-03 -9.033D+00
  332  367     0     0  con    1  3.9D-01  2.7D-02  5.618D-03 -9.033D+00
  333  368     0     0  con    0  1.0D+00  3.5D-02  2.521D-03 -9.033D+00
  334  369     0     0  con    0  1.0D+00  3.2D-02  2.314D-03 -9.033D+00
  335  370     0     0  con    0  1.0D+00  5.9D-02  2.735D-03 -9.033D+00
  336  371     0     0  con    0  1.0D+00  7.0D-02  4.187D-03 -9.033D+00
  337  372     0     0  con    0  1.0D+00  6.1D-02  3.535D-03 -9.033D+00
  338  373     0     0  con    0  1.0D+00  6.7D-02  1.343D-03 -9.033D+00
  339  374     0     0  con    0  1.0D+00  1.8D-02  9.429D-04 -9.033D+00
  340  375     0     0  con    0  1.0D+00  1.6D-02  1.190D-03 -9.033D+00
  341  376     0     0  con    0  1.0D+00  2.6D-02  1.125D-03 -9.033D+00
  342  377     0     0  con    0  1.0D+00  6.3D-02  3.983D-03 -9.033D+00
  343  378     0     0  con    0  1.0D+00  4.0D-02  1.530D-03 -9.033D+00
  344  379     0     0  con    0  1.0D+00  1.7D-02  3.482D-03 -9.033D+00
  345  380     0     0  con    0  1.0D+00  6.6D-02  6.437D-03 -9.033D+00
  346  382     0     0  con    1  3.7D-01  3.0D-02  6.928D-03 -9.033D+00
  347  383     0     0  con    0  1.0D+00  3.4D-02  3.819D-03 -9.033D+00
  348  384     0     0  con    0  1.0D+00  3.0D-02  6.282D-04 -9.033D+00
  349  385     0     0  con    0  1.0D+00  4.4D-03  5.978D-04 -9.033D+00
  350  386     0     0  con    0  1.0D+00  8.5D-03  6.492D-04 -9.033D+00
  351  387     0     0  con    0  1.0D+00  2.2D-02  9.515D-04 -9.033D+00
  352  389     0     0  con    1  4.0D-01  3.3D-02  2.590D-03 -9.033D+00
  353  390     0     0  con    0  1.0D+00  3.7D-02  1.374D-03 -9.033D+00
  354  391     0     0  con    0  1.0D+00  4.7D-02  1.046D-03 -9.033D+00
  355  392     0     0  con    0  1.0D+00  2.9D-02  1.968D-03 -9.033D+00
  356  393     0     0  con    0  1.0D+00  2.1D-02  6.855D-04 -9.033D+00
  357  394     0     0  con    0  1.0D+00  8.2D-03  8.584D-04 -9.033D+00
  358  395     0     0  con    0  1.0D+00  4.7D-02  2.360D-03 -9.033D+00
  359  396     0     0  con    0  1.0D+00  4.2D-02  4.701D-03 -9.033D+00
  360  397     0     0  con    0  1.0D+00  4.2D-02  1.961D-03 -9.033D+00
  361  398     0     0  con    0  1.0D+00  1.8D-02  1.788D-03 -9.033D+00
  362  399     0     0  con    0  1.0D+00  1.9D-02  1.554D-03 -9.033D+00
  363  400     0     0  con    0  1.0D+00  2.5D-02  1.641D-03 -9.033D+00
  364  401     0     0  con    0  1.0D+00  4.0D-02  8.390D-03 -9.033D+00
  365  402     0     0  con    0  1.0D+00  5.8D-02  5.543D-03 -9.033D+00
  366  403     0     0  con    0  1.0D+00  9.5D-02  2.090D-03 -9.033D+00
  367  404     0     0  con    0  1.0D+00  1.1D-01  3.044D-03 -9.033D+00
  368  405     0     0  con    0  1.0D+00  1.1D-01  2.905D-03 -9.033D+00
  369  407     0     0  con    1  1.7D-01  4.0D-02  4.140D-03 -9.033D+00
  370  408     0     0  con    0  1.0D+00  8.6D-02  2.457D-03 -9.033D+00
  371  409     0     0  con    0  1.0D+00  5.5D-02  4.882D-03 -9.033D+00
  372  410     0     0  con    0  1.0D+00  2.1D-02  1.906D-03 -9.033D+00
  373  411     0     0  con    0  1.0D+00  2.4D-02  1.566D-03 -9.033D+00
  374  412     0     0  con    0  1.0D+00  4.8D-02  1.275D-03 -9.033D+00
  375  413     0     0  con    0  1.0D+00  6.1D-02  3.570D-03 -9.033D+00
  376  414     0     0  con    0  1.0D+00  6.3D-02  8.760D-04 -9.033D+00
  377  415     0     0  con    0  1.0D+00  1.9D-02  7.067D-04 -9.033D+00
  378  416     0     0  con    0  1.0D+00  2.3D-02  1.007D-03 -9.033D+00
  379  417     0     0  con    0  1.0D+00  1.8D-02  1.118D-03 -9.033D+00
  380  418     0     0  con    0  1.0D+00  3.6D-02  4.037D-03 -9.033D+00
  381  419     0     0  con    0  1.0D+00  9.2D-02  2.940D-03 -9.033D+00
  382  420     0     0  con    0  1.0D+00  1.1D-01  3.428D-03 -9.033D+00
  383  422     0     0  con    1  5.3D-02  2.9D-02  2.790D-03 -9.033D+00
  384  423     0     0  con    0  1.0D+00  1.4D-01  1.855D-03 -9.033D+00
  385  424     0     0  con    0  1.0D+00  5.2D-02  4.236D-03 -9.033D+00
  386  425     0     0  con    0  1.0D+00  2.2D-02  1.325D-03 -9.033D+00
  387  426     0     0  con    0  1.0D+00  2.4D-02  1.797D-03 -9.033D+00
  388  427     0     0  con    0  1.0D+00  2.7D-02  2.403D-03 -9.033D+00
  389  428     0     0  con    0  1.0D+00  4.8D-02  3.136D-03 -9.033D+00
  390  430     0     0  con    1  5.2D-01  7.5D-02  2.634D-03 -9.033D+00
  391  431     0     0  con    0  1.0D+00  2.3D-02  9.505D-04 -9.033D+00
  392  432     0     0  con    0  1.0D+00  1.5D-02  7.757D-04 -9.033D+00
  393  433     0     0  con    0  1.0D+00  4.0D-02  2.066D-03 -9.033D+00
  394  434     0     0  con    0  1.0D+00  7.2D-02  2.246D-03 -9.033D+00
  395  436     0     0  con    1  3.9D-01  6.6D-02  4.982D-03 -9.033D+00
  396  437     0     0  con    0  1.0D+00  1.1D-01  2.808D-03 -9.033D+00
  397  438     0     0  con    0  1.0D+00  1.3D-01  2.539D-03 -9.034D+00
  398  439     0     0  con    0  1.0D+00  9.1D-02  3.629D-03 -9.034D+00
  399  440     0     0  con    0  1.0D+00  1.8D-01  3.093D-03 -9.034D+00
  400  442     0     0  con    1  4.8D-01  3.1D-02  1.679D-03 -9.034D+00
  401  443     0     0  con    0  1.0D+00  9.0D-03  1.238D-03 -9.034D+00
  402  444     0     0  con    0  1.0D+00  2.8D-02  1.497D-03 -9.034D+00
  403  445     0     0  con    0  1.0D+00  2.4D-02  5.572D-03 -9.034D+00
  404  446     0     0  con    0  1.0D+00  1.3D-02  4.021D-03 -9.034D+00
  405  447     0     0  con    0  1.0D+00  3.3D-02  1.462D-03 -9.034D+00
  406  448     0     0  con    0  1.0D+00  1.8D-02  1.213D-03 -9.034D+00
  407  449     0     0  con    0  1.0D+00  1.6D-02  1.235D-03 -9.034D+00
  408  451     0     0  con    1  4.8D-01  1.5D-02  1.793D-03 -9.034D+00
  409  452     0     0  con    0  1.0D+00  7.3D-03  1.424D-03 -9.034D+00
  410  453     0     0  con    0  1.0D+00  1.8D-02  9.354D-04 -9.034D+00
  411  454     0     0  con    0  1.0D+00  7.7D-03  1.323D-03 -9.034D+00
  412  455     0     0  con    0  1.0D+00  9.5D-03  1.038D-03 -9.034D+00
  413  456     0     0  con    0  1.0D+00  8.3D-03  7.156D-04 -9.034D+00
  414  457     0     0  con    0  1.0D+00  1.6D-02  2.175D-03 -9.034D+00
  415  458     0     0  con    0  1.0D+00  6.3D-03  7.690D-04 -9.034D+00
  416  459     0     0  con    0  1.0D+00  3.8D-03  8.047D-04 -9.034D+00
  417  460     0     0  con    0  1.0D+00  3.0D-02  2.477D-03 -9.034D+00
  418  461     0     0  con    0  1.0D+00  1.9D-02  9.020D-04 -9.034D+00
  419  462     0     0  con    0  1.0D+00  1.3D-02  8.134D-04 -9.034D+00
  420  464     0     0  con    1  4.7D-01  1.4D-02  1.471D-03 -9.034D+00
  421  465     0     0  con    0  1.0D+00  1.4D-02  9.010D-04 -9.034D+00
  422  466     0     0  con    0  1.0D+00  2.1D-02  7.909D-04 -9.034D+00
  423  467     0     0  con    0  1.0D+00  2.2D-02  1.295D-03 -9.034D+00
  424  468     0     0  con    0  1.0D+00  2.9D-02  1.801D-03 -9.034D+00
  425  469     0     0  con    0  1.0D+00  5.1D-02  1.390D-03 -9.034D+00
  426  470     0     0  con    0  1.0D+00  3.6D-02  3.029D-03 -9.034D+00
  427  471     0     0  con    0  1.0D+00  1.1D-02  5.115D-04 -9.034D+00
  428  472     0     0  con    0  1.0D+00  1.3D-02  7.962D-04 -9.034D+00
  429  473     0     0  con    0  1.0D+00  1.7D-02  9.691D-04 -9.034D+00
  430  474     0     0  con    0  1.0D+00  1.2D-02  1.726D-03 -9.034D+00
  431  475     0     0  con    0  1.0D+00  9.8D-03  4.776D-04 -9.034D+00
  432  476     0     0  con    0  1.0D+00  1.5D-02  7.906D-04 -9.034D+00
  433  477     0     0  con    0  1.0D+00  1.5D-02  1.229D-03 -9.034D+00
  434  478     0     0  con    0  1.0D+00  2.4D-02  7.291D-04 -9.034D+00
  435  480     0     0  con    1  3.3D-01  9.5D-03  1.211D-03 -9.034D+00
  436  481     0     0  con    0  1.0D+00  5.3D-03  5.582D-04 -9.034D+00
  437  482     0     0  con    0  1.0D+00  6.3D-03  7.046D-04 -9.034D+00
  438  483     0     0  con    0  1.0D+00  3.4D-03  8.204D-04 -9.034D+00
  439  484     0     0  con    0  1.0D+00  1.4D-02  1.742D-03 -9.034D+00
  440  485     0     0  con    0  1.0D+00  3.1D-02  4.328D-03 -9.034D+00
  441  486     0     0  con    0  1.0D+00  1.1D-02  2.515D-03 -9.034D+00
  442  487     0     0  con    0  1.0D+00  4.0D-02  1.848D-03 -9.034D+00
  443  488     0     0  con    0  1.0D+00  3.6D-02  1.545D-03 -9.034D+00
  444  489     0     0  con    0  1.0D+00  3.6D-02  1.222D-03 -9.034D+00
  445  491     0     0  con    1  4.6D-01  1.9D-02  1.127D-03 -9.034D+00
  446  492     0     0  con    0  1.0D+00  3.1D-03  6.973D-04 -9.034D+00
  447  493     0     0  con    0  1.0D+00  7.8D-03  1.882D-03 -9.034D+00
  448  494     0     0  con    0  1.0D+00  1.0D-02  2.405D-03 -9.034D+00
  449  495     0     0  con    0  1.0D+00  3.1D-02  4.250D-03 -9.034D+00
  450  496     0     0  con    0  1.0D+00  6.2D-02  4.688D-03 -9.034D+00
  451  497     0     0  con    0  1.0D+00  1.7D-01  1.041D-02 -9.034D+00
  452  498     0     0  con    0  1.0D+00  2.9D-02  3.687D-03 -9.034D+00
  453  499     0     0  con    0  1.0D+00  1.5D-02  1.153D-03 -9.034D+00
  454  500     0     0  con    0  1.0D+00  2.8D-02  1.060D-03 -9.034D+00
  455  501     0     0  con    0  1.0D+00  2.2D-02  1.112D-03 -9.034D+00
  456  502     0     0  con    0  1.0D+00  5.9D-02  2.020D-03 -9.034D+00
  457  503     0     0  con    0  1.0D+00  3.6D-02  2.093D-03 -9.034D+00
  458  504     0     0  con    0  1.0D+00  8.8D-03  1.354D-03 -9.034D+00
  459  505     0     0  con    0  1.0D+00  1.6D-02  1.822D-03 -9.034D+00
  460  506     0     0  con    0  1.0D+00  1.7D-02  1.583D-03 -9.034D+00
  461  507     0     0  con    0  1.0D+00  2.3D-02  2.502D-03 -9.034D+00
  462  509     0     0  con    1  4.4D-01  3.1D-02  1.650D-03 -9.034D+00
  463  510     0     0  con    0  1.0D+00  6.6D-03  8.164D-04 -9.034D+00
  464  511     0     0  con    0  1.0D+00  1.2D-02  1.010D-03 -9.034D+00
  465  512     0     0  con    0  1.0D+00  2.0D-02  9.563D-04 -9.034D+00
  466  513     0     0  con    0  1.0D+00  6.6D-02  1.206D-03 -9.034D+00
  467  514     0     0  con    0  1.0D+00  5.3D-02  8.923D-04 -9.034D+00
  468  516     0     0  con    1  4.0D-01  5.1D-02  3.335D-03 -9.034D+00
  469  517     0     0  con    0  1.0D+00  5.9D-02  8.437D-04 -9.034D+00
  470  518     0     0  con    0  1.0D+00  1.1D-02  5.013D-04 -9.034D+00
  471  519     0     0  con    0  1.0D+00  2.6D-02  7.232D-04 -9.034D+00
  472  520     0     0  con    0  1.0D+00  2.4D-02  5.809D-04 -9.034D+00
  473  521     0     0  con    0  1.0D+00  2.4D-02  6.212D-04 -9.034D+00
  474  522     0     0  con    0  1.0D+00  6.7D-03  1.772D-03 -9.034D+00
  475  523     0     0  con    0  1.0D+00  6.6D-03  1.016D-03 -9.034D+00
  476  524     0     0  con    0  1.0D+00  7.9D-03  5.219D-04 -9.034D+00
  477  525     0     0  con    0  1.0D+00  4.4D-03  7.621D-04 -9.034D+00
  478  526     0     0  con    0  1.0D+00  1.5D-02  1.260D-03 -9.034D+00
  479  527     0     0  con    0  1.0D+00  2.2D-02  2.918D-03 -9.034D+00
  480  528     0     0  con    0  1.0D+00  4.5D-02  5.303D-03 -9.034D+00
  481  529     0     0  con    0  1.0D+00  2.0D-02  2.848D-03 -9.034D+00
  482  530     0     0  con    0  1.0D+00  8.8D-03  1.626D-03 -9.034D+00
  483  531     0     0  con    0  1.0D+00  1.2D-02  1.105D-03 -9.034D+00
  484  532     0     0  con    0  1.0D+00  2.3D-02  1.197D-03 -9.034D+00
  485  533     0     0  con    0  1.0D+00  3.7D-02  1.523D-03 -9.034D+00
  486  534     0     0  con    0  1.0D+00  4.5D-02  2.016D-03 -9.034D+00
  487  535     0     0  con    0  1.0D+00  3.8D-02  7.694D-04 -9.034D+00
  488  536     0     0  con    0  1.0D+00  1.3D-02  8.552D-04 -9.034D+00
  489  537     0     0  con    0  1.0D+00  5.1D-02  1.345D-03 -9.034D+00
  490  538     0     0  con    0  1.0D+00  9.3D-02  1.289D-03 -9.034D+00
  491  539     0     0  con    0  1.0D+00  1.4D-01  1.740D-03 -9.034D+00
  492  541     0     0  con    1  3.3D-01  2.7D-02  2.721D-03 -9.034D+00
  493  542     0     0  con    0  1.0D+00  5.1D-03  9.898D-04 -9.034D+00
  494  543     0     0  con    0  1.0D+00  1.2D-02  6.651D-04 -9.034D+00
  495  544     0     0  con    0  1.0D+00  1.4D-02  1.068D-03 -9.034D+00
  496  545     0     0  con    0  1.0D+00  4.7D-02  1.936D-03 -9.034D+00
  497  546     0     0  con    0  1.0D+00  6.1D-02  2.463D-03 -9.034D+00
  498  548     0     0  con    1  2.3D-01  2.7D-02  2.559D-03 -9.034D+00
  499  549     0     0  con    0  1.0D+00  4.5D-02  4.550D-04 -9.034D+00
  500  550     0     0  con    0  1.0D+00  1.1D-02  7.456D-04 -9.034D+00
  501  551     0     0  con    0  1.0D+00  8.8D-03  1.582D-03 -9.034D+00
  502  552     0     0  con    0  1.0D+00  2.6D-02  2.417D-03 -9.034D+00
  503  553     0     0  con    0  1.0D+00  5.3D-02  3.351D-03 -9.034D+00
  504  555     0     0  con    1  2.2D-01  2.7D-02  1.648D-03 -9.034D+00
  505  556     0     0  con    0  1.0D+00  6.8D-02  1.225D-03 -9.034D+00
  506  557     0     0  con    0  1.0D+00  7.7D-02  1.067D-03 -9.034D+00
  507  558     0     0  con    0  1.0D+00  3.7D-02  1.935D-03 -9.034D+00
  508  559     0     0  con    0  1.0D+00  3.3D-02  1.292D-03 -9.034D+00
  509  560     0     0  con    0  1.0D+00  2.5D-02  1.774D-03 -9.034D+00
  510  562     0     0  con    1  1.8D-01  3.3D-02  4.634D-03 -9.034D+00
  511  563     0     0  con    0  1.0D+00  5.3D-02  2.216D-03 -9.034D+00
  512  564     0     0  con    0  1.0D+00  2.9D-02  1.728D-03 -9.034D+00
  513  565     0     0  con    0  1.0D+00  2.7D-02  6.786D-04 -9.034D+00
  514  566     0     0  con    0  1.0D+00  1.0D-02  5.657D-04 -9.034D+00
  515  567     0     0  con    0  1.0D+00  9.3D-03  2.610D-03 -9.034D+00
  516  568     0     0  con    0  1.0D+00  1.1D-02  1.215D-03 -9.034D+00
  517  569     0     0  con    0  1.0D+00  1.0D-02  1.461D-03 -9.034D+00
  518  570     0     0  con    0  1.0D+00  3.0D-02  2.761D-03 -9.034D+00
  519  571     0     0  con    0  1.0D+00  4.2D-02  2.787D-03 -9.034D+00
  520  572     0     0  con    0  1.0D+00  8.5D-02  3.022D-03 -9.034D+00
  521  573     0     0  con    0  1.0D+00  3.1D-02  2.532D-03 -9.034D+00
  522  574     0     0  con    0  1.0D+00  8.5D-03  3.167D-03 -9.034D+00
  523  575     0     0  con    0  1.0D+00  4.2D-03  4.017D-04 -9.034D+00
  524  576     0     0  con    0  1.0D+00  6.8D-03  5.144D-04 -9.034D+00
  525  577     0     0  con    0  1.0D+00  2.6D-02  1.252D-03 -9.034D+00
  526  578     0     0  con    0  1.0D+00  2.4D-02  9.759D-04 -9.034D+00
  527  579     0     0  con    0  1.0D+00  5.5D-02  1.833D-03 -9.034D+00
  528  580     0     0  con    0  1.0D+00  5.4D-02  1.134D-03 -9.034D+00
  529  581     0     0  con    0  1.0D+00  4.6D-03  1.504D-03 -9.034D+00
  530  582     0     0  con    0  1.0D+00  3.4D-02  1.841D-03 -9.034D+00
  531  583     0     0  con    0  1.0D+00  3.6D-02  1.350D-03 -9.034D+00
  532  584     0     0  con    0  1.0D+00  8.6D-02  1.285D-03 -9.034D+00
  533  585     0     0  con    0  1.0D+00  8.0D-02  1.911D-03 -9.034D+00
  534  586     0     0  con    0  1.0D+00  4.4D-03  4.648D-04 -9.034D+00
  535  587     0     0  con    0  1.0D+00  1.4D-02  5.598D-04 -9.034D+00
  536  588     0     0  con    0  1.0D+00  1.1D-02  1.083D-03 -9.034D+00
  537  589     0     0  con    0  1.0D+00  2.0D-02  9.609D-04 -9.034D+00
  538  590     0     0  con    0  1.0D+00  6.3D-02  1.508D-03 -9.034D+00
  539  591     0     0  con    0  1.0D+00  7.3D-02  4.493D-03 -9.034D+00
  540  592     0     0  con    0  1.0D+00  5.2D-02  1.097D-03 -9.034D+00
  541  593     0     0  con    0  1.0D+00  3.1D-02  1.299D-03 -9.034D+00
  542  594     0     0  con    0  1.0D+00  5.6D-02  1.020D-03 -9.034D+00
  543  595     0     0  con    0  1.0D+00  7.2D-02  1.054D-03 -9.034D+00
  544  597     0     0  con    1  3.1D-01  2.5D-02  1.659D-03 -9.034D+00
  545  598     0     0  con    0  1.0D+00  4.4D-02  7.468D-04 -9.034D+00
  546  599     0     0  con    0  1.0D+00  1.7D-02  4.208D-04 -9.034D+00
  547  600     0     0  con    0  1.0D+00  1.5D-02  3.183D-04 -9.034D+00
  548  601     0     0  con    0  1.0D+00  2.1D-02  3.146D-04 -9.034D+00
  549  602     0     0  con    0  1.0D+00  5.6D-02  5.560D-04 -9.034D+00
  550  603     0     0  con    0  1.0D+00  8.9D-02  1.214D-03 -9.034D+00
  551  605     0     0  con    1  3.2D-01  4.8D-02  1.998D-03 -9.034D+00
  552  606     0     0  con    0  1.0D+00  7.4D-02  1.266D-03 -9.034D+00
  553  607     0     0  con    0  1.0D+00  3.9D-02  5.268D-04 -9.034D+00
  554  608     0     0  con    0  1.0D+00  2.3D-02  8.245D-04 -9.034D+00
  555  609     0     0  con    0  1.0D+00  5.4D-02  1.577D-03 -9.034D+00
  556  610     0     0  con    0  1.0D+00  1.2D-01  3.561D-03 -9.034D+00
  557  612     0     0  con    1  4.7D-01  7.7D-02  2.327D-03 -9.034D+00
  558  613     0     0  con    0  1.0D+00  7.3D-02  1.614D-03 -9.034D+00
  559  614     0     0  con    0  1.0D+00  2.5D-02  7.689D-04 -9.034D+00
  560  615     0     0  con    0  1.0D+00  1.9D-02  4.622D-04 -9.034D+00
  561  616     0     0  con    0  1.0D+00  2.2D-02  1.111D-03 -9.034D+00
  562  617     0     0  con    0  1.0D+00  8.8D-02  2.872D-03 -9.034D+00
  563  618     0     0  con    0  1.0D+00  1.3D-01  1.979D-03 -9.034D+00
  564  619     0     0  con    0  1.0D+00  5.1D-02  8.845D-04 -9.034D+00
  565  620     0     0  con    0  1.0D+00  2.6D-02  3.881D-04 -9.034D+00
  566  621     0     0  con    0  1.0D+00  8.9D-03  2.719D-04 -9.034D+00
  567  622     0     0  con    0  1.0D+00  2.1D-02  4.101D-04 -9.034D+00
  568  624     0     0  con    1  4.6D-01  2.8D-02  1.400D-03 -9.034D+00
  569  625     0     0  con    0  1.0D+00  5.9D-02  5.578D-04 -9.034D+00
  570  626     0     0  con    0  1.0D+00  4.3D-02  3.552D-04 -9.034D+00
  571  627     0     0  con    0  1.0D+00  3.3D-02  1.711D-04 -9.034D+00
  572  628     0     0  con    0  1.0D+00  1.2D-02  2.063D-04 -9.034D+00
  573  629     0     0  con    0  1.0D+00  1.6D-02  5.883D-04 -9.034D+00
  574  630     0     0  con    0  1.0D+00  1.7D-02  9.400D-04 -9.034D+00
  575  632     0     0  con    1  3.7D-01  1.1D-02  2.774D-03 -9.034D+00
  576  633     0     0  con    0  1.0D+00  1.6D-02  1.506D-03 -9.034D+00
  577  634     0     0  con    0  1.0D+00  3.2D-02  7.792D-04 -9.034D+00
  578  635     0     0  con    0  1.0D+00  1.0D-02  3.767D-04 -9.034D+00
  579  636     0     0  con    0  1.0D+00  1.1D-02  6.171D-04 -9.034D+00
  580  637     0     0  con    0  1.0D+00  8.2D-03  8.142D-04 -9.034D+00
  581  638     0     0  con    0  1.0D+00  1.8D-02  1.485D-03 -9.034D+00
  582  639     0     0  con    0  1.0D+00  5.2D-02  2.466D-03 -9.034D+00
  583  640     0     0  con    0  1.0D+00  1.3D-01  2.225D-03 -9.034D+00
  584  641     0     0  con    0  1.0D+00  1.4D-01  2.275D-03 -9.034D+00
  585  642     0     0  con    0  1.0D+00  1.0D-01  1.725D-03 -9.034D+00
  586  643     0     0  con    0  1.0D+00  3.3D-02  7.251D-04 -9.034D+00
  587  644     0     0  con    0  1.0D+00  1.4D-02  2.322D-03 -9.034D+00
  588  645     0     0  con    0  1.0D+00  2.8D-02  1.187D-03 -9.034D+00
  589  646     0     0  con    0  1.0D+00  1.1D-01  1.304D-03 -9.034D+00
  590  647     0     0  con    0  1.0D+00  1.5D-01  8.790D-04 -9.034D+00
  591  648     0     0  con    0  1.0D+00  1.7D-01  2.825D-03 -9.034D+00
  592  649     0     0  con    0  1.0D+00  8.2D-02  6.093D-03 -9.034D+00
  593  650     0     0  con    0  1.0D+00  5.3D-02  2.191D-03 -9.034D+00
  594  651     0     0  con    0  1.0D+00  4.0D-02  9.472D-04 -9.034D+00
  595  652     0     0  con    0  1.0D+00  3.3D-02  2.698D-03 -9.034D+00
  596  653     0     0  con    0  1.0D+00  6.8D-02  1.486D-03 -9.034D+00
  597  654     0     0  con    0  1.0D+00  1.9D-02  8.525D-04 -9.034D+00
  598  655     0     0  con    0  1.0D+00  4.3D-02  7.193D-04 -9.034D+00
  599  656     0     0  con    0  1.0D+00  3.5D-02  1.313D-03 -9.034D+00
  600  657     0     0  con    0  1.0D+00  4.6D-02  2.545D-03 -9.034D+00
  601  658     0     0  con    0  1.0D+00  3.5D-02  1.716D-03 -9.034D+00
  602  659     0     0  con    0  1.0D+00  1.5D-02  2.162D-03 -9.034D+00
  603  660     0     0  con    0  1.0D+00  3.9D-02  2.406D-03 -9.034D+00
  604  661     0     0  con    0  1.0D+00  5.0D-02  1.960D-03 -9.034D+00
  605  663     0     0  con    1  9.4D-02  6.8D-02  4.290D-03 -9.034D+00
  606  664     0     0  con    0  1.0D+00  1.5D-02  1.989D-03 -9.034D+00
  607  665     0     0  con    0  1.0D+00  3.8D-02  3.611D-04 -9.034D+00
  608  666     0     0  con    0  1.0D+00  2.4D-02  3.307D-04 -9.034D+00
  609  667     0     0  con    0  1.0D+00  3.0D-02  5.587D-04 -9.034D+00
  610  668     0     0  con    0  1.0D+00  6.4D-02  8.249D-04 -9.034D+00
  611  669     0     0  con    0  1.0D+00  8.1D-02  1.163D-03 -9.034D+00
  612  670     0     0  con    0  1.0D+00  3.1D-01  3.040D-03 -9.034D+00
  613  671     0     0  con    0  1.0D+00  1.0D-01  2.726D-03 -9.034D+00
  614  672     0     0  con    0  1.0D+00  8.4D-02  6.794D-04 -9.034D+00
  615  673     0     0  con    0  1.0D+00  2.1D-02  6.783D-04 -9.034D+00
  616  674     0     0  con    0  1.0D+00  3.6D-02  1.337D-03 -9.034D+00
  617  675     0     0  con    0  1.0D+00  2.8D-02  1.277D-03 -9.034D+00
  618  676     0     0  con    0  1.0D+00  1.7D-02  6.457D-04 -9.034D+00
  619  677     0     0  con    0  1.0D+00  8.8D-03  5.211D-04 -9.034D+00
  620  678     0     0  con    0  1.0D+00  1.0D-02  8.599D-04 -9.034D+00
  621  679     0     0  con    0  1.0D+00  2.1D-02  1.225D-03 -9.034D+00
  622  680     0     0  con    0  1.0D+00  2.2D-02  1.741D-03 -9.034D+00
  623  682     0     0  con    1  4.1D-01  2.0D-02  1.590D-03 -9.034D+00
  624  683     0     0  con    0  1.0D+00  3.4D-02  2.364D-03 -9.034D+00
  625  684     0     0  con    0  1.0D+00  4.0D-02  3.780D-04 -9.034D+00
  626  685     0     0  con    0  1.0D+00  1.3D-02  4.308D-04 -9.034D+00
  627  687     0     0  con    1  1.9D-01  6.7D-03  6.424D-04 -9.034D+00
  628  688     0     0  con    0  1.0D+00  1.2D-02  3.904D-04 -9.034D+00
  629  689     0     0  con    0  1.0D+00  8.7D-03  3.958D-04 -9.034D+00
  630  690     0     0  con    0  1.0D+00  1.0D-02  1.939D-03 -9.034D+00
  631  691     0     0  con    0  1.0D+00  1.1D-02  1.568D-03 -9.034D+00
  632  692     0     0  con    0  1.0D+00  2.2D-02  1.082D-03 -9.034D+00
  633  693     0     0  con    0  1.0D+00  5.2D-02  1.943D-03 -9.034D+00
  634  694     0     0  con    0  1.0D+00  3.0D-02  8.104D-04 -9.034D+00
  635  695     0     0  con    0  1.0D+00  1.3D-02  3.020D-04 -9.034D+00
  636  696     0     0  con    0  1.0D+00  6.6D-03  4.471D-04 -9.034D+00
  637  697     0     0  con    0  1.0D+00  1.4D-02  1.215D-03 -9.034D+00
  638  698     0     0  con    0  1.0D+00  4.5D-03  6.091D-04 -9.034D+00
  639  699     0     0  con    0  1.0D+00  1.1D-02  8.465D-04 -9.034D+00
  640  700     0     0  con    0  1.0D+00  3.4D-02  6.638D-04 -9.034D+00
  641  701     0     0  con    0  1.0D+00  4.6D-02  1.642D-03 -9.034D+00
  642  702     0     0  con    0  1.0D+00  7.1D-02  1.392D-03 -9.034D+00
  643  703     0     0  con    0  1.0D+00  1.8D-02  6.796D-04 -9.034D+00
  644  704     0     0  con    0  1.0D+00  2.3D-02  4.167D-04 -9.034D+00
  645  705     0     0  con    0  1.0D+00  1.9D-02  1.249D-03 -9.034D+00
  646  706     0     0  con    0  1.0D+00  2.8D-03  3.618D-04 -9.034D+00
  647  707     0     0  con    0  1.0D+00  5.1D-03  3.604D-04 -9.034D+00
  648  708     0     0  con    0  1.0D+00  9.7D-03  3.745D-04 -9.034D+00
  649  709     0     0  con    0  1.0D+00  1.3D-02  1.004D-03 -9.034D+00
  650  710     0     0  con    0  1.0D+00  3.9D-02  1.446D-03 -9.034D+00
  651  711     0     0  con    0  1.0D+00  6.2D-03  5.928D-04 -9.034D+00
  652  712     0     0  con    0  1.0D+00  5.5D-03  3.962D-04 -9.034D+00
  653  713     0     0  con    0  1.0D+00  2.7D-03  4.383D-04 -9.034D+00
  654  714     0     0  con    0  1.0D+00  1.0D-02  5.135D-04 -9.034D+00
  655  716     0     0  con    1  5.0D-01  2.0D-02  2.128D-03 -9.034D+00
  656  717     0     0  con    0  1.0D+00  1.5D-02  1.538D-03 -9.034D+00
  657  718     0     0  con    0  1.0D+00  3.5D-02  9.761D-04 -9.034D+00
  658  720     0     0  con    1  5.1D-01  1.6D-02  1.258D-03 -9.034D+00
  659  721     0     0  con    0  1.0D+00  1.4D-02  8.531D-04 -9.034D+00
  660  722     0     0  con    0  1.0D+00  3.2D-02  6.568D-04 -9.034D+00
  661  723     0     0  con    0  1.0D+00  3.9D-02  5.172D-04 -9.034D+00
  662  724     0     0  con    0  1.0D+00  4.6D-02  2.199D-03 -9.034D+00
  663  725     0     0  con    0  1.0D+00  1.6D-02  6.725D-04 -9.034D+00
  664  726     0     0  con    0  1.0D+00  2.7D-03  3.987D-04 -9.034D+00
  665  727     0     0  con    0  1.0D+00  6.9D-03  7.561D-04 -9.034D+00
  666  728     0     0  con    0  1.0D+00  1.2D-02  1.039D-03 -9.034D+00
  667  729     0     0  con    0  1.0D+00  4.0D-02  2.392D-03 -9.034D+00
  668  730     0     0  con    0  1.0D+00  6.0D-03  7.312D-04 -9.034D+00
  669  731     0     0  con    0  1.0D+00  4.4D-03  7.698D-04 -9.034D+00
  670  732     0     0  con    0  1.0D+00  1.1D-02  4.793D-04 -9.034D+00
  671  733     0     0  con    0  1.0D+00  9.3D-03  1.152D-03 -9.034D+00
  672  734     0     0  con    0  1.0D+00  9.7D-03  6.660D-04 -9.034D+00
  673  735     0     0  con    0  1.0D+00  2.4D-03  7.170D-04 -9.034D+00
  674  736     0     0  con    0  1.0D+00  1.3D-02  8.494D-04 -9.034D+00
  675  737     0     0  con    0  1.0D+00  2.0D-02  1.773D-03 -9.034D+00
  676  738     0     0  con    0  1.0D+00  1.3D-02  6.864D-04 -9.034D+00
  677  739     0     0  con    0  1.0D+00  1.8D-02  5.987D-04 -9.034D+00
  678  740     0     0  con    0  1.0D+00  1.6D-02  9.996D-04 -9.034D+00
  679  741     0     0  con    0  1.0D+00  2.6D-02  1.220D-03 -9.034D+00
  680  742     0     0  con    0  1.0D+00  1.8D-02  7.043D-04 -9.034D+00
  681  743     0     0  con    0  1.0D+00  1.5D-02  4.381D-04 -9.034D+00
  682  744     0     0  con    0  1.0D+00  5.5D-02  1.766D-03 -9.034D+00
  683  745     0     0  con    0  1.0D+00  5.4D-02  1.480D-03 -9.034D+00
  684  746     0     0  con    0  1.0D+00  7.3D-02  1.708D-03 -9.034D+00
  685  747     0     0  con    0  1.0D+00  3.4D-02  5.961D-04 -9.034D+00
  686  748     0     0  con    0  1.0D+00  4.0D-03  3.666D-04 -9.034D+00
  687  749     0     0  con    0  1.0D+00  1.8D-03  4.967D-04 -9.034D+00
  688  750     0     0  con    0  1.0D+00  6.7D-03  1.109D-03 -9.034D+00
  689  751     0     0  con    0  1.0D+00  2.6D-02  7.239D-04 -9.034D+00
  690  752     0     0  con    0  1.0D+00  1.1D-02  7.231D-04 -9.034D+00
  691  753     0     0  con    0  1.0D+00  1.4D-02  4.429D-04 -9.034D+00
  692  754     0     0  con    0  1.0D+00  6.2D-03  3.321D-04 -9.034D+00
  693  755     0     0  con    0  1.0D+00  1.1D-02  4.431D-04 -9.034D+00
  694  756     0     0  con    0  1.0D+00  1.1D-02  8.203D-04 -9.034D+00
  695  757     0     0  con    0  1.0D+00  1.2D-02  6.386D-04 -9.034D+00
  696  758     0     0  con    0  1.0D+00  1.3D-02  7.070D-04 -9.034D+00
  697  759     0     0  con    0  1.0D+00  2.2D-02  1.363D-03 -9.034D+00
  698  760     0     0  con    0  1.0D+00  2.7D-03  4.629D-04 -9.034D+00
  699  761     0     0  con    0  1.0D+00  7.5D-03  2.862D-04 -9.034D+00
  700  762     0     0  con    0  1.0D+00  8.6D-03  4.676D-04 -9.034D+00
  701  763     0     0  con    0  1.0D+00  2.2D-02  2.020D-03 -9.034D+00
  702  764     0     0  con    0  1.0D+00  1.8D-03  6.582D-04 -9.034D+00
  703  765     0     0  con    0  1.0D+00  3.0D-03  6.782D-04 -9.034D+00
  704  766     0     0  con    0  1.0D+00  1.2D-02  1.034D-03 -9.034D+00
  705  767     0     0  con    0  1.0D+00  1.6D-02  9.759D-04 -9.034D+00
  706  769     0     0  con    1  1.4D-01  6.2D-03  1.289D-03 -9.034D+00
  707  770     0     0  con    0  1.0D+00  1.0D-02  4.295D-04 -9.034D+00
  708  771     0     0  con    0  1.0D+00  4.6D-03  3.163D-04 -9.034D+00
  709  772     0     0  con    0  1.0D+00  1.5D-02  1.060D-03 -9.034D+00
  710  773     0     0  con    0  1.0D+00  2.1D-02  1.567D-03 -9.034D+00
  711  774     0     0  con    0  1.0D+00  5.9D-02  3.185D-03 -9.034D+00
  712  775     0     0  con    0  1.0D+00  8.2D-02  2.221D-03 -9.034D+00
  713  776     0     0  con    0  1.0D+00  1.8D-02  1.308D-03 -9.034D+00
  714  777     0     0  con    0  1.0D+00  9.9D-03  7.417D-04 -9.034D+00
  715  778     0     0  con    0  1.0D+00  4.3D-03  2.123D-04 -9.034D+00
  716  779     0     0  con    0  1.0D+00  1.7D-03  2.185D-04 -9.034D+00
  717  780     0     0  con    0  1.0D+00  1.3D-02  3.051D-04 -9.034D+00
  718  781     0     0  con    0  1.0D+00  1.7D-02  1.950D-03 -9.034D+00
  719  782     0     0  con    0  1.0D+00  2.6D-02  1.503D-03 -9.034D+00
  720  783     0     0  con    0  1.0D+00  4.6D-02  7.484D-04 -9.034D+00
  721  784     0     0  con    0  1.0D+00  2.5D-02  9.404D-04 -9.034D+00
  722  785     0     0  con    0  1.0D+00  2.7D-02  1.364D-03 -9.034D+00
  723  786     0     0  con    0  1.0D+00  2.9D-02  1.109D-03 -9.034D+00
  724  787     0     0  con    0  1.0D+00  3.1D-02  7.653D-04 -9.034D+00
  725  788     0     0  con    0  1.0D+00  3.4D-02  8.269D-04 -9.034D+00
  726  789     0     0  con    0  1.0D+00  1.5D-02  7.514D-04 -9.034D+00
  727  790     0     0  con    0  1.0D+00  2.0D-02  5.224D-04 -9.034D+00
  728  791     0     0  con    0  1.0D+00  3.8D-02  2.451D-03 -9.034D+00
  729  792     0     0  con    0  1.0D+00  2.3D-02  1.930D-03 -9.034D+00
  730  793     0     0  con    0  1.0D+00  7.0D-02  8.292D-04 -9.034D+00
  731  794     0     0  con    0  1.0D+00  1.9D-02  4.282D-04 -9.034D+00
  732  795     0     0  con    0  1.0D+00  9.6D-03  3.327D-04 -9.034D+00
  733  796     0     0  con    0  1.0D+00  1.4D-02  2.955D-04 -9.034D+00
  734  797     0     0  con    0  1.0D+00  1.1D-02  8.856D-04 -9.034D+00
  735  798     0     0  con    0  1.0D+00  2.4D-02  1.017D-03 -9.034D+00
  736  800     0     0  con    1  3.3D-01  4.5D-02  2.395D-03 -9.034D+00
  737  801     0     0  con    0  1.0D+00  3.5D-02  1.158D-03 -9.034D+00
  738  802     0     0  con    0  1.0D+00  3.5D-02  5.047D-04 -9.034D+00
  739  803     0     0  con    0  1.0D+00  5.3D-02  8.862D-04 -9.034D+00
  740  804     0     0  con    0  1.0D+00  1.8D-02  2.553D-03 -9.034D+00
  741  805     0     0  con    0  1.0D+00  1.2D-03  1.553D-03 -9.034D+00
  742  806     0     0  con    0  1.0D+00  5.8D-03  5.987D-04 -9.034D+00
  743  807     0     0  con    0  1.0D+00  8.1D-03  7.213D-04 -9.034D+00
  744  808     0     0  con    0  1.0D+00  1.3D-02  7.357D-04 -9.034D+00
  745  810     0     0  con    1  4.9D-01  1.2D-02  9.197D-04 -9.034D+00
  746  811     0     0  con    0  1.0D+00  5.6D-03  4.416D-04 -9.034D+00
  747  812     0     0  con    0  1.0D+00  6.2D-03  3.400D-04 -9.034D+00
  748  813     0     0  con    0  1.0D+00  4.2D-03  4.819D-04 -9.034D+00
  749  814     0     0  con    0  1.0D+00  1.5D-02  4.824D-04 -9.034D+00
  750  815     0     0  con    0  1.0D+00  3.6D-02  8.281D-04 -9.034D+00
  751  816     0     0  con    0  1.0D+00  7.0D-02  9.629D-04 -9.034D+00
  752  818     0     0  con    1  3.0D-01  3.3D-02  1.393D-03 -9.034D+00
  753  819     0     0  con    0  1.0D+00  5.9D-02  1.035D-03 -9.034D+00
  754  821     0     0  con    1  4.1D-01  9.2D-03  8.584D-04 -9.034D+00
  755  822     0     0  con    0  1.0D+00  6.0D-03  4.038D-04 -9.034D+00
  756  823     0     0  con    0  1.0D+00  1.4D-02  2.981D-04 -9.034D+00
  757  824     0     0  con    0  1.0D+00  2.6D-02  5.632D-04 -9.034D+00
  758  825     0     0  con    0  1.0D+00  3.7D-02  1.122D-03 -9.034D+00
  759  826     0     0  con    0  1.0D+00  6.8D-03  2.709D-04 -9.034D+00
  760  827     0     0  con    0  1.0D+00  4.1D-03  3.008D-04 -9.034D+00
  761  828     0     0  con    0  1.0D+00  2.6D-03  3.689D-04 -9.034D+00
  762  829     0     0  con    0  1.0D+00  1.0D-02  5.205D-04 -9.034D+00
  763  830     0     0  con    0  1.0D+00  1.1D-02  5.940D-04 -9.034D+00
  764  832     0     0  con    1  4.2D-01  3.1D-02  4.283D-04 -9.034D+00
  765  833     0     0  con    0  1.0D+00  1.4D-02  4.672D-04 -9.034D+00
  766  834     0     0  con    0  1.0D+00  2.5D-02  1.639D-03 -9.034D+00
  767  835     0     0  con    0  1.0D+00  4.1D-03  8.665D-04 -9.034D+00
  768  836     0     0  con    0  1.0D+00  3.3D-03  2.608D-04 -9.034D+00
  769  837     0     0  con    0  1.0D+00  4.4D-03  3.519D-04 -9.034D+00
  770  838     0     0  con    0  1.0D+00  8.5D-03  4.301D-04 -9.034D+00
  771  839     0     0  con    0  1.0D+00  1.9D-02  8.506D-04 -9.034D+00
  772  840     0     0  con    0  1.0D+00  1.2D-02  1.947D-04 -9.034D+00
  773  841     0     0  con    0  1.0D+00  4.7D-03  1.199D-04 -9.034D+00
  774  842     0     0  con    0  1.0D+00  1.2D-02  3.752D-04 -9.034D+00
  775  843     0     0  con    0  1.0D+00  9.2D-03  4.264D-04 -9.034D+00
  776  844     0     0  con    0  1.0D+00  2.4D-02  5.063D-04 -9.034D+00
  777  846     0     0  con    1  2.8D-01  4.0D-03  8.572D-04 -9.034D+00
  778  847     0     0  con    0  1.0D+00  7.5D-03  5.710D-04 -9.034D+00
  779  848     0     0  con    0  1.0D+00  4.6D-03  4.656D-04 -9.034D+00
  780  849     0     0  con    0  1.0D+00  1.5D-02  7.442D-04 -9.034D+00
  781  850     0     0  con    0  1.0D+00  2.9D-02  1.214D-03 -9.034D+00
  782  851     0     0  con    0  1.0D+00  6.0D-02  1.251D-03 -9.034D+00
  783  853     0     0  con    1  1.4D-01  1.6D-02  2.407D-03 -9.034D+00
  784  854     0     0  con    0  1.0D+00  4.9D-02  1.334D-03 -9.034D+00
  785  855     0     0  con    0  1.0D+00  9.7D-03  2.611D-04 -9.034D+00
  786  856     0     0  con    0  1.0D+00  4.5D-03  2.743D-04 -9.034D+00
  787  857     0     0  con    0  1.0D+00  8.3D-03  4.731D-04 -9.034D+00
  788  858     0     0  con    0  1.0D+00  8.9D-03  5.467D-04 -9.034D+00
  789  860     0     0  con    1  5.0D-01  2.5D-03  9.072D-04 -9.034D+00
  790  861     0     0  con    0  1.0D+00  3.1D-03  5.091D-04 -9.034D+00
  791  862     0     0  con    0  1.0D+00  1.4D-02  3.391D-04 -9.034D+00
  792  863     0     0  con    0  1.0D+00  2.6D-02  5.178D-04 -9.034D+00
  793  864     0     0  con    0  1.0D+00  3.4D-02  7.154D-04 -9.034D+00
  794  865     0     0  con    0  1.0D+00  7.3D-02  1.702D-03 -9.034D+00
  795  866     0     0  con    0  1.0D+00  8.8D-02  8.889D-04 -9.034D+00
  796  867     0     0  con    0  1.0D+00  1.7D-02  3.607D-04 -9.034D+00
  797  868     0     0  con    0  1.0D+00  6.4D-03  4.563D-04 -9.034D+00
  798  869     0     0  con    0  1.0D+00  9.8D-03  6.374D-04 -9.034D+00
  799  870     0     0  con    0  1.0D+00  3.0D-02  1.136D-03 -9.034D+00
  800  871     0     0  con    0  1.0D+00  9.0D-02  4.502D-03 -9.034D+00
  801  872     0     0  con    0  1.0D+00  1.4D-02  1.464D-03 -9.034D+00
  802  873     0     0  con    0  1.0D+00  3.1D-02  1.316D-03 -9.034D+00
  803  874     0     0  con    0  1.0D+00  3.6D-02  1.154D-03 -9.034D+00
  804  875     0     0  con    0  1.0D+00  5.7D-02  1.346D-03 -9.034D+00
  805  877     0     0  con    1  2.4D-01  4.4D-02  1.350D-03 -9.034D+00
  806  878     0     0  con    0  1.0D+00  2.0D-02  5.710D-04 -9.034D+00
  807  879     0     0  con    0  1.0D+00  1.3D-02  5.553D-04 -9.034D+00
  808  880     0     0  con    0  1.0D+00  4.0D-03  3.728D-04 -9.034D+00
  809  881     0     0  con    0  1.0D+00  1.3D-02  6.898D-04 -9.034D+00
  810  882     0     0  con    0  1.0D+00  1.2D-02  8.101D-04 -9.034D+00
  811  883     0     0  con    0  1.0D+00  3.9D-02  5.646D-04 -9.034D+00
  812  884     0     0  con    0  1.0D+00  6.0D-02  1.362D-03 -9.034D+00
  813  886     0     0  con    1  4.4D-01  2.1D-02  1.118D-03 -9.034D+00
  814  887     0     0  con    0  1.0D+00  4.0D-02  1.147D-03 -9.034D+00
  815  888     0     0  con    0  1.0D+00  1.3D-01  1.286D-03 -9.034D+00
  816  889     0     0  con    0  1.0D+00  6.7D-02  7.879D-04 -9.034D+00
  817  890     0     0  con    0  1.0D+00  5.5D-03  6.160D-04 -9.034D+00
  818  891     0     0  con    0  1.0D+00  3.0D-03  2.042D-04 -9.034D+00
  819  892     0     0  con    0  1.0D+00  6.4D-03  1.781D-04 -9.034D+00
  820  893     0     0  con    0  1.0D+00  4.7D-03  1.957D-04 -9.034D+00
  821  894     0     0  con    0  1.0D+00  1.8D-02  2.593D-04 -9.034D+00
  822  895     0     0  con    0  1.0D+00  1.4D-02  3.067D-04 -9.034D+00
  823  896     0     0  con    0  1.0D+00  4.3D-02  6.247D-04 -9.034D+00
  824  897     0     0  con    0  1.0D+00  3.0D-02  5.766D-04 -9.034D+00
  825  898     0     0  con    0  1.0D+00  3.6D-02  1.909D-03 -9.034D+00
  826  899     0     0  con    0  1.0D+00  2.2D-02  4.046D-04 -9.034D+00
  827  900     0     0  con    0  1.0D+00  1.8D-02  6.089D-04 -9.034D+00
  828  901     0     0  con    0  1.0D+00  1.8D-02  1.053D-03 -9.034D+00
  829  902     0     0  con    0  1.0D+00  2.8D-02  1.631D-03 -9.034D+00
  830  903     0     0  con    0  1.0D+00  4.3D-02  2.892D-03 -9.034D+00
  831  904     0     0  con    0  1.0D+00  3.0D-02  1.859D-03 -9.034D+00
  832  905     0     0  con    0  1.0D+00  4.6D-02  1.016D-03 -9.034D+00
  833  906     0     0  con    0  1.0D+00  1.7D-02  6.230D-04 -9.034D+00
  834  907     0     0  con    0  1.0D+00  7.9D-03  3.928D-04 -9.034D+00
  835  908     0     0  con    0  1.0D+00  6.3D-03  4.575D-04 -9.034D+00
  836  909     0     0  con    0  1.0D+00  1.9D-02  8.492D-04 -9.034D+00
  837  910     0     0  con    0  1.0D+00  2.5D-02  1.672D-03 -9.034D+00
  838  911     0     0  con    0  1.0D+00  6.6D-02  2.127D-03 -9.034D+00
  839  912     0     0  con    0  1.0D+00  1.2D-02  6.730D-04 -9.034D+00
  840  913     0     0  con    0  1.0D+00  1.3D-02  4.215D-04 -9.034D+00
  841  914     0     0  con    0  1.0D+00  2.1D-02  3.703D-04 -9.034D+00
  842  915     0     0  con    0  1.0D+00  4.6D-02  1.860D-03 -9.034D+00
  843  916     0     0  con    0  1.0D+00  2.1D-02  3.974D-04 -9.034D+00
  844  917     0     0  con    0  1.0D+00  3.0D-03  3.779D-04 -9.034D+00
  845  918     0     0  con    0  1.0D+00  2.7D-02  6.126D-04 -9.034D+00
  846  919     0     0  con    0  1.0D+00  3.8D-02  7.826D-04 -9.034D+00
  847  920     0     0  con    0  1.0D+00  8.9D-02  6.886D-04 -9.034D+00
  848  921     0     0  con    0  1.0D+00  2.8D-02  4.967D-04 -9.034D+00
  849  922     0     0  con    0  1.0D+00  6.3D-03  4.329D-04 -9.034D+00
  850  923     0     0  con    0  1.0D+00  6.6D-03  6.185D-04 -9.034D+00
  851  924     0     0  con    0  1.0D+00  1.1D-02  9.793D-04 -9.034D+00
  852  925     0     0  con    0  1.0D+00  7.5D-03  1.156D-03 -9.034D+00
  853  926     0     0  con    0  1.0D+00  3.8D-02  7.980D-04 -9.034D+00
  854  928     0     0  con    1  4.0D-01  9.9D-03  9.866D-04 -9.034D+00
  855  929     0     0  con    0  1.0D+00  1.4D-03  3.322D-04 -9.034D+00
  856  930     0     0  con    0  1.0D+00  5.7D-03  3.056D-04 -9.034D+00
  857  931     0     0  con    0  1.0D+00  1.1D-02  5.747D-04 -9.034D+00
  858  932     0     0  con    0  1.0D+00  2.3D-02  1.012D-03 -9.034D+00
  859  933     0     0  con    0  1.0D+00  4.4D-02  1.375D-03 -9.034D+00
  860  934     0     0  con    0  1.0D+00  7.7D-02  1.003D-03 -9.034D+00
  861  935     0     0  con    0  1.0D+00  5.3D-02  2.032D-03 -9.034D+00
  862  936     0     0  con    0  1.0D+00  1.5D-02  4.274D-04 -9.034D+00
  863  937     0     0  con    0  1.0D+00  9.5D-03  3.047D-04 -9.034D+00
  864  938     0     0  con    0  1.0D+00  3.5D-03  4.073D-04 -9.034D+00
  865  939     0     0  con    0  1.0D+00  5.3D-03  4.885D-04 -9.034D+00
  866  940     0     0  con    0  1.0D+00  1.2D-02  1.302D-03 -9.034D+00
  867  941     0     0  con    0  1.0D+00  2.3D-02  1.001D-03 -9.034D+00
  868  942     0     0  con    0  1.0D+00  4.4D-02  1.933D-03 -9.034D+00
  869  944     0     0  con    1  4.9D-01  3.4D-02  7.540D-04 -9.034D+00
  870  945     0     0  con    0  1.0D+00  9.8D-03  3.117D-04 -9.034D+00
  871  946     0     0  con    0  1.0D+00  4.5D-03  6.117D-04 -9.034D+00
  872  947     0     0  con    0  1.0D+00  5.7D-03  7.427D-04 -9.034D+00
  873  948     0     0  con    0  1.0D+00  2.0D-02  1.325D-03 -9.034D+00
  874  950     0     0  con    1  5.1D-01  1.2D-02  8.160D-04 -9.034D+00
  875  951     0     0  con    0  1.0D+00  3.5D-03  4.566D-04 -9.034D+00
  876  952     0     0  con    0  1.0D+00  5.3D-03  3.199D-04 -9.034D+00
  877  953     0     0  con    0  1.0D+00  7.9D-03  4.987D-04 -9.034D+00
  878  954     0     0  con    0  1.0D+00  2.6D-02  5.530D-04 -9.034D+00
  879  956     0     0  con    1  3.6D-01  1.4D-02  1.146D-03 -9.034D+00
  880  957     0     0  con    0  1.0D+00  2.2D-02  4.411D-04 -9.034D+00
  881  958     0     0  con    0  1.0D+00  1.5D-02  3.392D-04 -9.034D+00
  882  959     0     0  con    0  1.0D+00  1.5D-02  4.955D-04 -9.034D+00
  883  960     0     0  con    0  1.0D+00  1.8D-02  6.561D-04 -9.034D+00
  884  961     0     0  con    0  1.0D+00  3.6D-02  5.308D-04 -9.034D+00
  885  963     0     0  con    1  1.9D-01  9.7D-03  1.191D-03 -9.034D+00
  886  964     0     0  con    0  1.0D+00  1.9D-02  5.933D-04 -9.034D+00
  887  965     0     0  con    0  1.0D+00  1.3D-02  6.436D-04 -9.034D+00
  888  966     0     0  con    0  1.0D+00  2.9D-02  8.036D-04 -9.034D+00
  889  967     0     0  con    0  1.0D+00  4.5D-02  9.134D-04 -9.034D+00
  890  968     0     0  con    0  1.0D+00  6.5D-02  1.068D-03 -9.034D+00
  891  970     0     0  con    1  3.8D-01  3.0D-02  2.116D-03 -9.034D+00
  892  971     0     0  con    0  1.0D+00  5.2D-02  1.663D-03 -9.034D+00
  893  972     0     0  con    0  1.0D+00  1.8D-02  5.206D-04 -9.034D+00
  894  973     0     0  con    0  1.0D+00  1.2D-02  4.395D-04 -9.034D+00
  895  974     0     0  con    0  1.0D+00  8.0D-03  7.678D-04 -9.034D+00
  896  975     0     0  con    0  1.0D+00  2.2D-02  5.938D-04 -9.034D+00
  897  977     0     0  con    1  1.2D-01  1.7D-02  1.385D-03 -9.034D+00
  898  978     0     0  con    0  1.0D+00  2.7D-02  5.135D-04 -9.034D+00
  899  979     0     0  con    0  1.0D+00  1.6D-02  2.480D-04 -9.034D+00
  900  980     0     0  con    0  1.0D+00  8.0D-03  4.229D-04 -9.034D+00
  901  981     0     0  con    0  1.0D+00  1.0D-02  6.679D-04 -9.034D+00
  902  982     0     0  con    0  1.0D+00  3.6D-02  9.104D-04 -9.034D+00
  903  983     0     0  con    0  1.0D+00  6.4D-02  2.576D-03 -9.034D+00
  904  984     0     0  con    0  1.0D+00  5.7D-02  9.270D-04 -9.035D+00
  905  985     0     0  con    0  1.0D+00  3.1D-02  5.949D-04 -9.035D+00
  906  986     0     0  con    0  1.0D+00  3.3D-02  7.106D-04 -9.035D+00
  907  987     0     0  con    0  1.0D+00  1.7D-02  4.485D-04 -9.035D+00
  908  988     0     0  con    0  1.0D+00  3.7D-02  1.187D-03 -9.035D+00
  909  989     0     0  con    0  1.0D+00  7.6D-03  1.312D-03 -9.035D+00
  910  990     0     0  con    0  1.0D+00  1.4D-02  6.535D-04 -9.035D+00
  911  991     0     0  con    0  1.0D+00  1.7D-02  5.987D-04 -9.035D+00
  912  992     0     0  con    0  1.0D+00  2.1D-02  9.943D-04 -9.035D+00
  913  993     0     0  con    0  1.0D+00  2.8D-02  2.023D-03 -9.035D+00
  914  994     0     0  con    0  1.0D+00  2.4D-02  2.515D-03 -9.035D+00
  915  996     0     0  con    1  4.0D-01  1.3D-02  1.836D-03 -9.035D+00
  916  997     0     0  con    0  1.0D+00  5.6D-02  1.266D-03 -9.035D+00
  917  998     0     0  con    0  1.0D+00  1.8D-02  3.289D-04 -9.035D+00
  918  999     0     0  con    0  1.0D+00  8.3D-03  2.853D-04 -9.035D+00
  919 1000     0     0  con    0  1.0D+00  1.4D-03  4.959D-04 -9.035D+00
  920 1001     0     0  con    0  1.0D+00  3.3D-03  7.664D-04 -9.035D+00
  921 1002     0     0  con    0  1.0D+00  2.3D-02  1.648D-03 -9.035D+00
  922 1003     0     0  con    0  1.0D+00  7.6D-03  7.968D-04 -9.035D+00
  923 1004     0     0  con    0  1.0D+00  7.9D-03  5.902D-04 -9.035D+00
  924 1005     0     0  con    0  1.0D+00  1.3D-02  1.302D-03 -9.035D+00
  925 1006     0     0  con    0  1.0D+00  1.1D-02  1.594D-03 -9.035D+00
  926 1007     0     0  con    0  1.0D+00  2.4D-02  2.037D-03 -9.035D+00
  927 1008     0     0  con    0  1.0D+00  6.6D-02  1.384D-03 -9.035D+00
  928 1010     0     0  con    1  3.3D-01  3.8D-02  2.557D-03 -9.035D+00
  929 1011     0     0  con    0  1.0D+00  3.6D-02  1.054D-03 -9.035D+00
  930 1012     0     0  con    0  1.0D+00  2.7D-02  4.677D-04 -9.035D+00
  931 1013     0     0  con    0  1.0D+00  8.2D-03  6.664D-04 -9.035D+00
  932 1014     0     0  con    0  1.0D+00  2.3D-02  8.139D-04 -9.035D+00
  933 1015     0     0  con    0  1.0D+00  1.5D-02  7.143D-04 -9.035D+00
  934 1016     0     0  con    0  1.0D+00  1.0D-02  7.300D-04 -9.035D+00
  935 1018     0     0  con    1  1.0D-01  7.4D-03  7.996D-04 -9.035D+00
  936 1019     0     0  con    0  1.0D+00  1.8D-02  5.081D-04 -9.035D+00
  937 1020     0     0  con    0  1.0D+00  2.8D-02  6.045D-04 -9.035D+00
  938 1021     0     0  con    0  1.0D+00  2.4D-02  6.379D-04 -9.035D+00
  939 1022     0     0  con    0  1.0D+00  6.3D-02  1.145D-03 -9.035D+00
  940 1023     0     0  con    0  1.0D+00  4.8D-03  3.647D-04 -9.035D+00
  941 1024     0     0  con    0  1.0D+00  7.0D-03  3.556D-04 -9.035D+00
  942 1025     0     0  con    0  1.0D+00  3.7D-02  6.893D-04 -9.035D+00
  943 1026     0     0  con    0  1.0D+00  1.5D-02  5.578D-04 -9.035D+00
  944 1027     0     0  con    0  1.0D+00  6.0D-03  1.758D-04 -9.035D+00
  945 1028     0     0  con    0  1.0D+00  4.3D-03  8.154D-05 -9.035D+00
  946 1029     0     0  con    0  1.0D+00  5.7D-03  2.513D-04 -9.035D+00
  947 1030     0     0  con    0  1.0D+00  6.4D-03  5.643D-04 -9.035D+00
  948 1031     0     0  con    0  1.0D+00  5.5D-03  4.226D-04 -9.035D+00
  949 1032     0     0  con    0  1.0D+00  2.4D-02  7.026D-04 -9.035D+00
  950 1033     0     0  con    0  1.0D+00  2.7D-02  3.751D-04 -9.035D+00
  951 1035     0     0  con    1  3.7D-01  2.0D-02  6.898D-04 -9.035D+00
  952 1036     0     0  con    0  1.0D+00  1.0D-02  1.848D-04 -9.035D+00
  953 1037     0     0  con    0  1.0D+00  4.4D-03  2.273D-04 -9.035D+00
  954 1038     0     0  con    0  1.0D+00  8.3D-03  3.614D-04 -9.035D+00
  955 1039     0     0  con    0  1.0D+00  1.8D-02  4.170D-04 -9.035D+00
  956 1040     0     0  con    0  1.0D+00  3.2D-02  9.467D-04 -9.035D+00
  957 1041     0     0  con    0  1.0D+00  3.0D-02  4.611D-04 -9.035D+00
  958 1042     0     0  con    0  1.0D+00  2.0D-02  1.823D-04 -9.035D+00
  959 1043     0     0  con    0  1.0D+00  4.4D-03  6.938D-04 -9.035D+00
  960 1044     0     0  con    0  1.0D+00  1.2D-02  3.810D-04 -9.035D+00
  961 1045     0     0  con    0  1.0D+00  1.2D-02  2.512D-04 -9.035D+00
  962 1046     0     0  con    0  1.0D+00  1.0D-02  1.766D-04 -9.035D+00
  963 1047     0     0  con    0  1.0D+00  3.8D-03  4.871D-04 -9.035D+00
  964 1048     0     0  con    0  1.0D+00  6.2D-03  4.008D-04 -9.035D+00
  965 1049     0     0  con    0  1.0D+00  1.4D-02  9.566D-04 -9.035D+00
  966 1050     0     0  con    0  1.0D+00  1.4D-02  5.563D-04 -9.035D+00
  967 1051     0     0  con    0  1.0D+00  3.6D-02  4.076D-04 -9.035D+00
  968 1052     0     0  con    0  1.0D+00  1.7D-02  9.395D-04 -9.035D+00
  969 1053     0     0  con    0  1.0D+00  3.9D-02  7.138D-04 -9.035D+00
  970 1054     0     0  con    0  1.0D+00  1.3D-02  3.130D-04 -9.035D+00
  971 1055     0     0  con    0  1.0D+00  3.6D-03  2.453D-04 -9.035D+00
  972 1056     0     0  con    0  1.0D+00  6.9D-03  3.294D-04 -9.035D+00
  973 1057     0     0  con    0  1.0D+00  1.9D-02  8.975D-04 -9.035D+00
  974 1058     0     0  con    0  1.0D+00  3.8D-02  5.210D-04 -9.035D+00
  975 1059     0     0  con    0  1.0D+00  4.8D-02  7.405D-04 -9.035D+00
  976 1061     0     0  con    1  2.2D-01  7.8D-03  5.583D-04 -9.035D+00
  977 1062     0     0  con    0  1.0D+00  2.2D-02  3.594D-04 -9.035D+00
  978 1063     0     0  con    0  1.0D+00  1.1D-02  2.192D-04 -9.035D+00
  979 1064     0     0  con    0  1.0D+00  2.2D-02  2.115D-04 -9.035D+00
  980 1065     0     0  con    0  1.0D+00  1.3D-02  3.979D-04 -9.035D+00
  981 1066     0     0  con    0  1.0D+00  7.4D-03  8.095D-04 -9.035D+00
  982 1067     0     0  con    0  1.0D+00  1.2D-02  2.830D-04 -9.035D+00
  983 1068     0     0  con    0  1.0D+00  2.2D-02  3.572D-04 -9.035D+00
  984 1069     0     0  con    0  1.0D+00  3.1D-02  3.983D-04 -9.035D+00
  985 1070     0     0  con    0  1.0D+00  7.0D-02  1.622D-03 -9.035D+00
  986 1071     0     0  con    0  1.0D+00  2.3D-02  5.414D-04 -9.035D+00
  987 1072     0     0  con    0  1.0D+00  7.5D-03  1.948D-04 -9.035D+00
  988 1073     0     0  con    0  1.0D+00  2.5D-03  3.029D-04 -9.035D+00
  989 1074     0     0  con    0  1.0D+00  3.6D-03  3.125D-04 -9.035D+00
  990 1075     0     0  con    0  1.0D+00  2.6D-02  8.745D-04 -9.035D+00
  991 1076     0     0  con    0  1.0D+00  4.2D-03  3.580D-04 -9.035D+00
  992 1077     0     0  con    0  1.0D+00  6.9D-03  5.411D-04 -9.035D+00
  993 1078     0     0  con    0  1.0D+00  2.4D-02  7.066D-04 -9.035D+00
  994 1079     0     0  con    0  1.0D+00  4.9D-02  1.417D-03 -9.035D+00
  995 1081     0     0  con    1  4.1D-01  1.1D-02  6.358D-04 -9.035D+00
  996 1082     0     0  con    0  1.0D+00  2.6D-03  1.391D-04 -9.035D+00
  997 1083     0     0  con    0  1.0D+00  3.4D-03  1.357D-04 -9.035D+00
  998 1084     0     0  con    0  1.0D+00  1.5D-03  3.260D-04 -9.035D+00
  999 1085     0     0  con    0  1.0D+00  6.2D-03  5.420D-04 -9.035D+00
 1000 1086     0     0  con    0  1.0D+00  7.3D-03  1.069D-03 -9.035D+00
 1001 1087     0     0  con    0  1.0D+00  1.6D-02  8.659D-04 -9.035D+00
 1002 1088     0     0  con    0  1.0D+00  4.0D-02  2.221D-03 -9.035D+00
 1003 1089     0     0  con    0  1.0D+00  9.4D-03  8.232D-04 -9.035D+00
 1004 1090     0     0  con    0  1.0D+00  8.6D-03  4.509D-04 -9.035D+00
 1005 1091     0     0  con    0  1.0D+00  4.1D-03  4.211D-04 -9.035D+00
 1006 1092     0     0  con    0  1.0D+00  1.5D-02  5.749D-04 -9.035D+00
 1007 1093     0     0  con    0  1.0D+00  2.6D-02  1.373D-03 -9.035D+00
 1008 1094     0     0  con    0  1.0D+00  1.0D-02  2.948D-04 -9.035D+00
 1009 1095     0     0  con    0  1.0D+00  7.0D-03  3.754D-04 -9.035D+00
 1010 1096     0     0  con    0  1.0D+00  1.8D-02  3.970D-04 -9.035D+00
 1011 1097     0     0  con    0  1.0D+00  2.9D-02  3.190D-04 -9.035D+00
 1012 1098     0     0  con    0  1.0D+00  3.6D-02  2.760D-04 -9.035D+00
 1013 1100     0     0  con    1  4.1D-01  8.8D-03  1.846D-04 -9.035D+00
 1014 1101     0     0  con    0  1.0D+00  3.9D-03  4.539D-04 -9.035D+00
 1015 1102     0     0  con    0  1.0D+00  2.6D-03  1.167D-04 -9.035D+00
 1016 1103     0     0  con    0  1.0D+00  4.8D-03  1.285D-04 -9.035D+00
 1017 1104     0     0  con    0  1.0D+00  7.7D-03  5.684D-04 -9.035D+00
 1018 1105     0     0  con    0  1.0D+00  6.9D-03  9.845D-04 -9.035D+00
 1019 1106     0     0  con    0  1.0D+00  2.0D-02  1.027D-03 -9.035D+00
 1020 1108     0     0  con    1  3.0D-01  2.9D-02  1.379D-03 -9.035D+00
 1021 1109     0     0  con    0  1.0D+00  3.0D-02  5.770D-04 -9.035D+00
 1022 1110     0     0  con    0  1.0D+00  3.5D-02  2.931D-04 -9.035D+00
 1023 1111     0     0  con    0  1.0D+00  1.4D-02  5.015D-04 -9.035D+00
 1024 1112     0     0  con    0  1.0D+00  3.1D-02  3.896D-04 -9.035D+00
 1025 1114     0     0  con    1  4.7D-01  1.4D-02  9.732D-04 -9.035D+00
 1026 1115     0     0  con    0  1.0D+00  1.9D-02  4.754D-04 -9.035D+00
 1027 1116     0     0  con    0  1.0D+00  1.3D-02  1.324D-04 -9.035D+00
 1028 1117     0     0  con    0  1.0D+00  1.3D-03  1.766D-04 -9.035D+00
 1029 1118     0     0  con    0  1.0D+00  2.2D-03  3.148D-04 -9.035D+00
 1030 1119     0     0  con    0  1.0D+00  3.2D-03  3.791D-04 -9.035D+00
 1031 1120     0     0  con    0  1.0D+00  1.9D-02  6.548D-04 -9.035D+00
 1032 1122     0     0  con    1  3.3D-01  8.0D-03  7.581D-04 -9.035D+00
 1033 1123     0     0  con    0  1.0D+00  1.0D-02  4.413D-04 -9.035D+00
 1034 1124     0     0  con    0  1.0D+00  4.5D-03  1.730D-04 -9.035D+00
 1035 1125     0     0  con    0  1.0D+00  1.0D-02  1.838D-04 -9.035D+00
 1036 1126     0     0  con    0  1.0D+00  2.5D-02  5.014D-04 -9.035D+00
 1037 1127     0     0  con    0  1.0D+00  2.8D-02  8.113D-04 -9.035D+00
 1038 1128     0     0  con    0  1.0D+00  1.2D-02  3.460D-04 -9.035D+00
 1039 1129     0     0  con    0  1.0D+00  3.0D-03  2.663D-04 -9.035D+00
 1040 1130     0     0  con    0  1.0D+00  6.5D-03  1.930D-04 -9.035D+00
 1041 1131     0     0  con    0  1.0D+00  1.3D-02  1.605D-04 -9.035D+00
 1042 1132     0     0  con    0  1.0D+00  1.1D-02  2.236D-04 -9.035D+00
 1043 1133     0     0  con    0  1.0D+00  5.9D-03  6.732D-04 -9.035D+00
 1044 1134     0     0  con    0  1.0D+00  1.7D-03  5.860D-04 -9.035D+00
 1045 1135     0     0  con    0  1.0D+00  8.0D-03  3.463D-04 -9.035D+00
 1046 1136     0     0  con    0  1.0D+00  8.0D-03  4.713D-04 -9.035D+00
 1047 1137     0     0  con    0  1.0D+00  2.2D-02  4.763D-04 -9.035D+00
 1048 1138     0     0  con    0  1.0D+00  1.5D-02  3.853D-04 -9.035D+00
 1049 1139     0     0  con    0  1.0D+00  7.1D-03  4.696D-04 -9.035D+00
 1050 1140     0     0  con    0  1.0D+00  2.0D-03  1.017D-04 -9.035D+00
 1051 1141     0     0  con    0  1.0D+00  5.7D-04  1.068D-04 -9.035D+00

CONVERGENCE: REL_REDUCTION_OF_F_<=_FACTR*EPSMCH             

 Total User time 0.000E+00 seconds.

